id,instrument_key,timestamp,open,high,low,close,volume,open_interest,time_interval,created_at,ma_9,bb_upper,bb_middle,bb_lower,vwap,partition_yyyymm,ema_5,ema_9,ema_50,atr,rsi,bb_width,lowest_bb_width
1,NSE_EQ|INE301A01014,"2025-07-18 15:29:00",716.00,718.00,711.00,712.20,13395,0,1minute,"2025-07-19 19:12:20",712.2000,719.4046,716.7675,714.1304,712.2000,202507,715.4617,716.2539,716.2270,7.0000,0.5100,0.0073583022,0.0000000000
2,NSE_EQ|INE301A01014,"2025-07-18 15:28:00",716.70,717.00,712.10,716.85,9013,0,1minute,"2025-07-19 19:12:20",714.5250,718.7997,717.0800,715.3603,714.0703,202507,717.0925,717.2674,716.3914,4.9000,0.8800,0.0047964224,0.0000000000
3,NSE_EQ|INE301A01014,"2025-07-18 15:27:00",717.85,718.00,715.20,715.90,6754,0,1minute,"2025-07-19 19:12:20",714.9833,719.4664,717.2525,715.0386,714.4941,202507,717.2138,717.3717,716.3727,2.8000,0.7400,0.0061733560,0.0000000000
4,NSE_EQ|INE301A01014,"2025-07-18 15:26:00",718.00,718.05,717.00,717.85,2995,0,1minute,"2025-07-19 19:12:20",715.7000,719.8067,717.4425,715.0783,714.8066,202507,717.8707,717.7396,716.3920,1.0500,1.0200,0.0065905345,0.0000000000
5,NSE_EQ|INE301A01014,"2025-07-18 15:25:00",718.25,718.65,717.50,718.00,2694,0,1minute,"2025-07-19 19:12:20",716.1600,720.1731,717.5525,714.9319,715.0535,202507,717.8810,717.7120,716.3324,1.1500,1.0400,0.0073042370,0.0000000000
6,NSE_EQ|INE301A01014,"2025-07-18 15:24:00",718.00,720.85,717.60,718.25,14805,0,1minute,"2025-07-19 19:12:20",716.5083,720.3247,717.6125,714.9003,716.0065,202507,717.8215,717.6400,716.2644,3.2500,1.0900,0.0075588751,0.0000000000
7,NSE_EQ|INE301A01014,"2025-07-18 15:23:00",718.50,718.50,717.50,717.55,2266,0,1minute,"2025-07-19 19:12:20",716.6571,720.9533,717.7725,714.5917,716.0739,202507,717.6073,717.4876,716.1833,1.0000,0.9700,0.0088629694,0.0000000000
8,NSE_EQ|INE301A01014,"2025-07-18 15:22:00",717.50,718.75,717.50,718.35,4418,0,1minute,"2025-07-19 19:12:20",716.8688,721.4308,717.9475,714.4642,716.2524,202507,717.6359,717.4719,716.1275,1.2500,1.1100,0.0097035335,0.0000000000
9,NSE_EQ|INE301A01014,"2025-07-18 15:21:00",717.40,718.40,717.30,717.70,2739,0,1minute,"2025-07-19 19:12:20",716.9611,722.2597,718.1725,714.0853,716.3195,202507,717.2788,717.2524,716.0368,1.1000,1.0000,0.0113823160,0.0000000000
10,NSE_EQ|INE301A01014,"2025-07-18 15:20:00",717.00,718.65,716.90,717.80,7643,0,1minute,"2025-07-19 19:12:20",717.5833,722.8035,718.3900,713.9765,716.4891,202507,717.0683,717.1405,715.9690,1.7500,1.0200,0.0122870772,0.0000000000
11,NSE_EQ|INE301A01014,"2025-07-18 15:19:00",717.00,718.00,716.00,716.90,7058,0,1minute,"2025-07-19 19:12:20",717.5889,723.6930,718.6925,713.6920,716.5284,202507,716.7024,716.9757,715.8942,2.0000,0.8900,0.0139156245,0.0000000000
12,NSE_EQ|INE301A01014,"2025-07-18 15:18:00",715.90,718.15,715.40,717.10,10154,0,1minute,"2025-07-19 19:12:20",717.7222,724.2607,718.9975,713.7343,716.5975,202507,716.6036,716.9946,715.8532,2.7500,0.9200,0.0146404378,0.0000000000
13,NSE_EQ|INE301A01014,"2025-07-18 15:17:00",715.85,716.65,715.10,716.20,3779,0,1minute,"2025-07-19 19:12:20",717.5389,725.0446,719.3625,713.6804,716.5804,202507,716.3554,716.9682,715.8023,1.5500,0.8100,0.0157975043,0.0000000000
14,NSE_EQ|INE301A01014,"2025-07-18 15:16:00",717.35,718.00,715.60,715.80,7067,0,1minute,"2025-07-19 19:12:20",717.2944,725.7914,719.8025,713.8136,716.5222,202507,716.4331,717.1603,715.7860,2.4000,0.7600,0.0166405259,0.0000000000
15,NSE_EQ|INE301A01014,"2025-07-18 15:15:00",716.00,717.85,715.85,716.85,10463,0,1minute,"2025-07-19 19:12:20",717.1389,726.8127,720.3600,713.9073,716.5548,202507,716.7496,717.5004,715.7855,2.0000,0.8600,0.0179152656,0.0000000000
16,NSE_EQ|INE301A01014,"2025-07-18 15:14:00",716.10,716.50,715.85,716.00,4241,0,1minute,"2025-07-19 19:12:20",716.9667,727.6862,720.8600,714.0338,716.5333,202507,716.6994,717.6629,715.7420,0.6500,0.7600,0.0189391657,0.0000000000
17,NSE_EQ|INE301A01014,"2025-07-18 15:13:00",716.50,716.65,716.10,716.35,3371,0,1minute,"2025-07-19 19:12:20",716.7444,729.6683,721.6600,713.6517,716.5278,202507,717.0491,718.0787,715.7315,0.5500,0.7900,0.0221942345,0.0000000000
18,NSE_EQ|INE301A01014,"2025-07-18 15:12:00",716.25,716.50,715.50,716.10,6915,0,1minute,"2025-07-19 19:12:20",716.5667,730.1252,722.1900,714.2548,716.5031,202507,717.3986,718.5108,715.7062,1.0000,0.7700,0.0219754155,0.0000000000
19,NSE_EQ|INE301A01014,"2025-07-18 15:11:00",717.55,717.60,715.00,716.25,18842,0,1minute,"2025-07-19 19:12:20",716.3944,729.8885,722.4125,714.9365,716.4687,202507,718.0479,719.1136,715.6902,2.6000,0.7800,0.0206971865,0.0000000000
20,NSE_EQ|INE301A01014,"2025-07-18 15:10:00",718.45,719.45,717.35,717.35,14442,0,1minute,"2025-07-19 19:12:20",716.4444,729.6204,722.6050,715.5896,716.5519,202507,718.9469,719.8295,715.6673,2.1000,0.8600,0.0194169829,0.0000000000
21,NSE_EQ|INE301A01014,"2025-07-18 15:09:00",720.55,720.55,718.45,718.45,7790,0,1minute,"2025-07-19 19:12:20",716.5944,729.4984,722.6800,715.8616,716.6438,202507,719.7453,720.4493,715.5986,2.1000,0.9500,0.0188697263,0.0000000000
22,NSE_EQ|INE301A01014,"2025-07-18 15:08:00",719.50,720.95,718.85,720.30,6687,0,1minute,"2025-07-19 19:12:20",717.0500,730.0080,722.4725,714.9370,716.7898,202507,720.3929,720.9491,715.4823,2.1000,1.1500,0.0208604408,0.0000000000
23,NSE_EQ|INE301A01014,"2025-07-18 15:07:00",720.50,720.55,718.80,719.70,4968,0,1minute,"2025-07-19 19:12:20",717.4833,730.0387,722.4075,714.7763,716.8736,202507,720.4394,721.1114,715.2856,1.7500,1.0900,0.0211271451,0.0000000000
24,NSE_EQ|INE301A01014,"2025-07-18 15:06:00",719.15,720.85,719.10,720.05,12318,0,1minute,"2025-07-19 19:12:20",717.8389,731.2709,721.9125,712.5541,717.0853,202507,720.8091,721.4643,715.1054,1.7500,1.1200,0.0259265730,0.0000000000
25,NSE_EQ|INE301A01014,"2025-07-18 15:05:00",721.45,723.00,718.85,719.20,28772,0,1minute,"2025-07-19 19:12:20",718.1944,732.1996,721.3800,710.5604,717.3701,202507,721.1886,721.8179,714.9036,4.1500,1.0500,0.0299969062,0.0000000000
26,NSE_EQ|INE301A01014,"2025-07-18 15:04:00",721.05,721.50,720.65,721.45,3134,0,1minute,"2025-07-19 19:12:20",718.7611,733.0945,720.8200,708.5455,717.4291,202507,722.1829,722.4723,714.7283,0.8500,1.2900,0.0340570518,0.0000000000
27,NSE_EQ|INE301A01014,"2025-07-18 15:03:00",722.85,723.00,720.50,721.05,15198,0,1minute,"2025-07-19 19:12:20",719.3111,733.5802,720.1650,706.7498,717.6664,202507,722.5494,722.7279,714.4539,2.5000,1.2500,0.0372559593,0.0000000000
28,NSE_EQ|INE301A01014,"2025-07-18 15:02:00",722.10,722.90,721.80,722.85,5436,0,1minute,"2025-07-19 19:12:20",720.0444,733.9808,719.4875,704.9942,717.7851,202507,723.2991,723.1474,714.1847,1.1000,1.5000,0.0402878563,0.0000000000
29,NSE_EQ|INE301A01014,"2025-07-18 15:01:00",723.85,723.90,721.00,722.05,19722,0,1minute,"2025-07-19 19:12:20",720.5667,734.0181,718.7225,703.4269,718.1123,202507,723.5237,723.2217,713.8310,2.9000,1.4200,0.0425632158,0.0000000000
30,NSE_EQ|INE301A01014,"2025-07-18 15:00:00",723.15,724.90,723.00,723.85,12740,0,1minute,"2025-07-19 19:12:20",721.1667,733.9147,718.0225,702.1303,718.3832,202507,724.2605,723.5146,713.4955,1.9000,1.7000,0.0442664439,0.0000000000
31,NSE_EQ|INE301A01014,"2025-07-18 14:59:00",724.25,725.50,722.60,723.00,19254,0,1minute,"2025-07-19 19:12:20",721.4667,733.4304,717.2525,701.0746,718.6907,202507,724.4657,723.4308,713.0729,2.9000,1.6200,0.0451106686,0.0000000000
32,NSE_EQ|INE301A01014,"2025-07-18 14:58:00",725.00,725.00,723.00,724.40,29885,0,1minute,"2025-07-19 19:12:20",721.9889,732.9447,716.4925,700.0403,719.2257,202507,725.1986,723.5385,712.6677,2.0000,1.8700,0.0459243949,0.0000000000
33,NSE_EQ|INE301A01014,"2025-07-18 14:57:00",726.95,728.00,724.50,725.00,27033,0,1minute,"2025-07-19 19:12:20",722.5389,732.1102,715.6625,699.2148,719.6768,202507,725.5979,723.3231,712.1888,3.5000,1.9900,0.0459649659,0.0000000000
34,NSE_EQ|INE301A01014,"2025-07-18 14:56:00",727.60,729.35,726.40,726.95,22430,0,1minute,"2025-07-19 19:12:20",723.4000,731.0156,714.7875,698.5594,720.1196,202507,725.8968,722.9039,711.6659,2.9500,2.4900,0.0454068374,0.0000000000
35,NSE_EQ|INE301A01014,"2025-07-18 14:55:00",732.00,732.00,725.80,726.85,62715,0,1minute,"2025-07-19 19:12:20",724.0000,729.3249,713.8175,698.3101,721.0987,202507,725.3702,721.8924,711.0421,6.2000,2.4800,0.0434491847,0.0000000000
36,NSE_EQ|INE301A01014,"2025-07-18 14:54:00",726.60,734.00,725.55,732.00,99018,0,1minute,"2025-07-19 19:12:20",725.2167,727.3596,712.8675,698.3754,723.1347,202507,724.6303,720.6530,710.3969,8.4500,5.7700,0.0406587347,0.0000000000
37,NSE_EQ|INE301A01014,"2025-07-18 14:53:00",721.00,726.95,720.90,726.95,52775,0,1minute,"2025-07-19 19:12:20",725.6722,723.3289,711.6425,699.9561,723.4801,202507,720.9454,717.8162,709.5151,6.0500,4.5600,0.0328433767,0.0000000000
38,NSE_EQ|INE301A01014,"2025-07-18 14:52:00",720.15,722.00,718.55,720.55,26415,0,1minute,"2025-07-19 19:12:20",725.5056,720.1267,710.6600,701.1933,723.3531,202507,717.9431,715.5328,708.8035,3.4500,3.1400,0.0266418745,0.0000000000
39,NSE_EQ|INE301A01014,"2025-07-18 14:51:00",718.80,723.55,718.45,720.10,44391,0,1minute,"2025-07-19 19:12:20",725.0889,718.4226,709.9475,701.4724,723.1322,202507,716.6397,714.2785,708.3240,5.1000,3.0500,0.0238751461,0.0000000000
40,NSE_EQ|INE301A01014,"2025-07-18 14:50:00",714.85,720.00,713.95,718.85,35791,0,1minute,"2025-07-19 19:12:20",724.6278,716.4697,709.2525,702.0353,722.9099,202507,714.9095,712.8231,707.8434,6.0500,2.8100,0.0203516648,0.0000000000
41,NSE_EQ|INE301A01014,"2025-07-18 14:49:00",719.00,720.00,714.00,714.30,23064,0,1minute,"2025-07-19 19:12:20",723.5056,714.4466,708.6175,702.7884,722.6313,202507,712.9392,711.3164,707.3941,6.0000,2.0000,0.0164520032,0.0000000000
42,NSE_EQ|INE301A01014,"2025-07-18 14:48:00",709.80,719.50,709.30,719.00,42575,0,1minute,"2025-07-19 19:12:20",722.8389,713.5009,708.2275,702.9541,722.4265,202507,712.2589,710.5705,707.1122,10.2000,8.9300,0.0148917520,0.0000000000
43,NSE_EQ|INE301A01014,"2025-07-18 14:47:00",709.40,709.80,709.10,709.80,1901,0,1minute,"2025-07-19 19:12:20",720.9333,709.5157,707.5975,705.6793,722.3948,202507,708.8883,708.4632,706.6270,0.7000,2.6200,0.0054217144,0.0000000000
44,NSE_EQ|INE301A01014,"2025-07-18 14:46:00",708.00,709.80,708.00,709.40,5570,0,1minute,"2025-07-19 19:12:20",718.9944,709.1247,707.4275,705.7303,722.2999,202507,708.4324,708.1290,706.4975,1.8000,2.3600,0.0047982195,0.0000000000
45,NSE_EQ|INE301A01014,"2025-07-18 14:45:00",708.20,708.70,707.50,708.00,1823,0,1minute,"2025-07-19 19:12:20",716.3278,708.7845,707.2675,705.7505,722.2658,202507,707.9486,707.8112,706.3790,1.2000,1.5400,0.0042897359,0.0000000000
46,NSE_EQ|INE301A01014,"2025-07-18 14:44:00",707.90,708.35,707.50,708.35,1962,0,1minute,"2025-07-19 19:12:20",714.2611,708.7360,707.1700,705.6040,722.2302,202507,707.9229,707.7640,706.3129,0.8500,1.9000,0.0044289606,0.0000000000
47,NSE_EQ|INE301A01014,"2025-07-18 14:43:00",707.50,708.00,707.50,707.50,308,0,1minute,"2025-07-19 19:12:20",712.8111,708.5843,707.0625,705.5407,722.2243,202507,707.7094,707.6175,706.2297,0.5000,1.3600,0.0043045697,0.0000000000
48,NSE_EQ|INE301A01014,"2025-07-18 14:42:00",708.00,708.10,707.50,707.55,562,0,1minute,"2025-07-19 19:12:20",711.4167,708.5431,707.0050,705.4669,722.2135,202507,707.8141,707.6469,706.1779,0.6000,1.4100,0.0043511665,0.0000000000
49,NSE_EQ|INE301A01014,"2025-07-18 14:41:00",708.45,708.50,707.45,708.05,384,0,1minute,"2025-07-19 19:12:20",710.2167,708.5395,706.9075,705.2755,722.2065,202507,707.9462,707.6711,706.1219,1.0500,1.9500,0.0046171652,0.0000000000
50,NSE_EQ|INE301A01014,"2025-07-18 14:40:00",707.80,708.50,707.55,708.45,2331,0,1minute,"2025-07-19 19:12:20",709.5667,708.4626,706.7675,705.0724,722.1648,202507,707.8942,707.5763,706.0432,0.9500,2.7500,0.0047966941,0.0000000000
51,NSE_EQ|INE301A01014,"2025-07-18 14:39:00",707.35,707.80,707.35,707.80,145,0,1minute,"2025-07-19 19:12:20",708.3222,708.2401,706.6075,704.9749,722.1621,202507,707.6164,707.3579,705.9449,0.4500,2.1300,0.0046208595,0.0000000000
52,NSE_EQ|INE301A01014,"2025-07-18 14:38:00",707.50,707.85,707.20,707.80,1696,0,1minute,"2025-07-19 19:12:20",708.1000,708.1184,706.4800,704.8416,722.1306,202507,707.5245,707.2474,705.8692,0.6500,2.1300,0.0046382456,0.0000000000
53,NSE_EQ|INE301A01014,"2025-07-18 14:37:00",707.45,707.55,707.00,707.50,950,0,1minute,"2025-07-19 19:12:20",707.8889,707.9612,706.3500,704.7388,722.1126,202507,707.3868,707.1093,705.7904,0.5500,1.8900,0.0045620747,0.0000000000
54,NSE_EQ|INE301A01014,"2025-07-18 14:36:00",707.60,707.95,707.45,707.55,1287,0,1minute,"2025-07-19 19:12:20",707.8389,707.8297,706.2350,704.6403,722.0884,202507,707.3302,707.0116,705.7206,0.5000,1.9600,0.0045160889,0.0000000000
55,NSE_EQ|INE301A01014,"2025-07-18 14:35:00",707.40,707.85,707.30,707.85,553,0,1minute,"2025-07-19 19:12:20",707.7833,707.6492,706.1200,704.5908,722.0782,202507,707.2203,706.8770,705.6460,0.5500,2.5100,0.0043312264,0.0000000000
56,NSE_EQ|INE301A01014,"2025-07-18 14:34:00",707.50,707.90,707.35,707.50,545,0,1minute,"2025-07-19 19:12:20",707.7833,707.3346,706.0275,704.7204,722.0679,202507,706.9054,706.6337,705.5560,0.5500,2.2100,0.0037026503,0.0000000000
57,NSE_EQ|INE301A01014,"2025-07-18 14:33:00",706.80,708.50,706.80,707.30,4770,0,1minute,"2025-07-19 19:12:20",707.7556,707.1024,705.9700,704.8376,721.9776,202507,706.6082,706.4171,705.4767,1.7000,2.0500,0.0032081562,0.0000000000
58,NSE_EQ|INE301A01014,"2025-07-18 14:32:00",706.20,706.90,706.20,706.30,1266,0,1minute,"2025-07-19 19:12:20",707.5611,706.9035,705.9250,704.9465,721.9522,202507,706.2623,706.1964,705.4022,0.7000,1.3000,0.0027723038,0.0000000000
59,NSE_EQ|INE301A01014,"2025-07-18 14:31:00",706.45,706.95,706.20,706.20,79,0,1minute,"2025-07-19 19:12:20",707.3111,706.8778,705.9125,704.9472,721.9506,202507,706.2434,706.1705,705.3656,0.7500,1.2300,0.0027350039,0.0000000000
60,NSE_EQ|INE301A01014,"2025-07-18 14:30:00",706.50,706.95,706.15,706.15,132,0,1minute,"2025-07-19 19:12:20",707.1278,706.8636,705.9050,704.9464,721.9480,202507,706.2651,706.1631,705.3315,0.8000,1.2000,0.0027159256,0.0000000000
61,NSE_EQ|INE301A01014,"2025-07-18 14:29:00",706.40,707.00,706.00,706.50,1378,0,1minute,"2025-07-19 19:12:20",706.9833,706.8949,705.9175,704.9401,721.9208,202507,706.3226,706.1664,705.2981,1.0000,1.5200,0.0027691103,0.0000000000
62,NSE_EQ|INE301A01014,"2025-07-18 14:28:00",706.20,706.40,705.75,706.40,958,0,1minute,"2025-07-19 19:12:20",706.8611,706.8339,705.8925,704.9511,721.9018,202507,706.2340,706.0830,705.2491,0.6500,1.4500,0.0026673234,0.0000000000
63,NSE_EQ|INE301A01014,"2025-07-18 14:27:00",706.15,706.40,706.15,706.40,1579,0,1minute,"2025-07-19 19:12:20",706.7333,706.8191,705.8875,704.9559,721.8706,202507,706.1509,706.0038,705.2021,0.2500,1.4500,0.0026395087,0.0000000000
64,NSE_EQ|INE301A01014,"2025-07-18 14:26:00",705.75,706.20,705.55,706.20,553,0,1minute,"2025-07-19 19:12:20",706.5500,706.7565,705.8450,704.9335,721.8596,202507,706.0264,705.9047,705.1532,0.6500,1.3200,0.0025828253,0.0000000000
65,NSE_EQ|INE301A01014,"2025-07-18 14:25:00",706.00,706.05,706.00,706.05,75,0,1minute,"2025-07-19 19:12:20",706.3889,706.7861,705.8550,704.9239,721.8581,202507,705.9396,705.8309,705.1105,0.0500,1.2400,0.0026381471,0.0000000000
66,NSE_EQ|INE301A01014,"2025-07-18 14:24:00",706.35,706.40,705.65,706.20,335,0,1minute,"2025-07-19 19:12:20",706.2667,706.7861,705.8550,704.9239,721.8514,202507,705.8844,705.7762,705.0721,0.7500,1.3500,0.0026381471,0.0000000000
67,NSE_EQ|INE301A01014,"2025-07-18 14:23:00",705.20,706.40,705.05,706.35,1759,0,1minute,"2025-07-19 19:12:20",706.2722,706.7925,705.8575,704.9225,721.8168,202507,705.7266,705.6702,705.0261,1.3500,1.4600,0.0026493357,0.0000000000
68,NSE_EQ|INE301A01014,"2025-07-18 14:22:00",705.25,705.60,705.00,705.60,1301,0,1minute,"2025-07-19 19:12:20",706.2056,706.7503,705.8400,704.9297,721.7901,202507,705.4149,705.5003,704.9721,0.6000,1.0600,0.0025792664,0.0000000000
69,NSE_EQ|INE301A01014,"2025-07-18 14:21:00",705.25,705.65,705.05,705.25,235,0,1minute,"2025-07-19 19:12:20",706.1056,706.7588,705.8550,704.9512,721.7852,202507,705.3223,705.4753,704.9464,0.6000,0.8900,0.0025609373,0.0000000000
70,NSE_EQ|INE301A01014,"2025-07-18 14:20:00",705.70,705.75,705.25,705.25,77,0,1minute,"2025-07-19 19:12:20",705.9667,706.7506,705.8900,705.0294,721.7836,202507,705.3584,705.5317,704.9341,0.5000,0.8900,0.0024382870,0.0000000000
71,NSE_EQ|INE301A01014,"2025-07-18 14:19:00",705.20,705.80,705.20,705.25,610,0,1minute,"2025-07-19 19:12:20",705.8389,706.7408,705.9300,705.1192,721.7708,202507,705.4127,705.6021,704.9212,0.6000,0.8900,0.0022971175,0.0000000000
72,NSE_EQ|INE301A01014,"2025-07-18 14:18:00",705.60,705.60,705.20,705.20,63,0,1minute,"2025-07-19 19:12:20",705.7056,706.7114,705.9625,705.2136,721.7695,202507,705.4940,705.6901,704.9077,0.4000,0.8700,0.0021216874,0.0000000000
73,NSE_EQ|INE301A01014,"2025-07-18 14:17:00",705.70,705.70,705.10,705.20,318,0,1minute,"2025-07-19 19:12:20",705.5944,706.6612,705.9975,705.3338,721.7628,202507,705.6410,705.8126,704.8958,0.6000,0.8700,0.0018801282,0.0000000000
74,NSE_EQ|INE301A01014,"2025-07-18 14:16:00",705.75,705.75,703.85,705.25,2737,0,1minute,"2025-07-19 19:12:20",705.5056,706.7817,706.0875,705.3933,721.7058,202507,705.8615,705.9658,704.8834,1.9000,0.8800,0.0019662497,0.0000000000
75,NSE_EQ|INE301A01014,"2025-07-18 14:15:00",706.35,706.40,705.60,706.00,1278,0,1minute,"2025-07-19 19:12:20",705.4833,706.8349,706.0750,705.3151,721.6806,202507,706.1672,706.1447,704.8684,0.8000,1.1700,0.0021525595,0.0000000000
76,NSE_EQ|INE301A01014,"2025-07-18 14:14:00",706.40,706.40,706.35,706.35,49,0,1minute,"2025-07-19 19:12:20",705.4833,706.8500,706.0500,705.2500,721.6796,202507,706.2508,706.1809,704.8222,0.0500,1.3500,0.0022661285,0.0000000000
77,NSE_EQ|INE301A01014,"2025-07-18 14:13:00",706.00,706.40,706.00,706.40,88,0,1minute,"2025-07-19 19:12:20",705.5722,706.8189,706.0175,705.2161,721.6779,202507,706.2012,706.1386,704.7599,0.4000,1.3800,0.0022702571,0.0000000000
78,NSE_EQ|INE301A01014,"2025-07-18 14:12:00",706.05,706.05,706.05,706.05,101,0,1minute,"2025-07-19 19:12:20",705.6611,706.7840,705.9725,705.1610,721.6760,202507,706.1018,706.0732,704.6929,0.0000,1.2400,0.0022988565,0.0000000000
79,NSE_EQ|INE301A01014,"2025-07-18 14:11:00",706.40,706.40,706.00,706.05,313,0,1minute,"2025-07-19 19:12:20",705.7500,706.7810,705.9450,705.1090,721.6698,202507,706.1277,706.0790,704.6375,0.4000,1.2400,0.0023684632,0.0000000000
80,NSE_EQ|INE301A01014,"2025-07-18 14:10:00",706.35,706.45,706.00,706.40,402,0,1minute,"2025-07-19 19:12:20",705.8778,706.7738,705.9175,705.0612,721.6621,202507,706.1665,706.0863,704.5799,0.4500,1.4100,0.0024261044,0.0000000000
81,NSE_EQ|INE301A01014,"2025-07-18 14:09:00",706.00,706.40,706.00,706.00,361,0,1minute,"2025-07-19 19:12:20",705.9667,707.0402,705.9700,704.8998,721.6550,202507,706.0497,706.0079,704.5056,0.4000,1.2700,0.0030319521,0.0000000000
82,NSE_EQ|INE301A01014,"2025-07-18 14:08:00",706.25,706.40,705.90,706.30,179,0,1minute,"2025-07-19 19:12:20",706.0889,707.1334,705.8975,704.6616,721.6515,202507,706.0746,706.0098,704.4446,0.5000,1.4100,0.0035016715,0.0000000000
83,NSE_EQ|INE301A01014,"2025-07-18 14:07:00",706.05,706.40,705.55,705.55,478,0,1minute,"2025-07-19 19:12:20",706.1222,707.2342,705.7875,704.3408,721.6419,202507,705.9619,705.9373,704.3689,0.8500,1.1500,0.0040994697,0.0000000000
84,NSE_EQ|INE301A01014,"2025-07-18 14:06:00",706.05,706.40,706.05,706.40,58,0,1minute,"2025-07-19 19:12:20",706.1667,707.4319,705.6875,703.9431,721.6408,202507,706.1679,706.0341,704.3207,0.3500,1.5900,0.0049437856,0.0000000000
85,NSE_EQ|INE301A01014,"2025-07-18 14:05:00",706.05,706.25,706.00,706.05,301,0,1minute,"2025-07-19 19:12:20",706.1333,707.4877,705.5450,703.6023,721.6349,202507,706.0518,705.9427,704.2358,0.2500,1.4400,0.0055068148,0.0000000000
86,NSE_EQ|INE301A01014,"2025-07-18 14:04:00",706.00,706.50,705.20,706.25,1575,0,1minute,"2025-07-19 19:12:20",706.1167,707.5956,705.3975,703.1994,721.6045,202507,706.0527,705.9158,704.1618,1.3000,1.5600,0.0062321220,0.0000000000
87,NSE_EQ|INE301A01014,"2025-07-18 14:03:00",706.50,706.50,706.00,706.00,184,0,1minute,"2025-07-19 19:12:20",706.1111,707.5740,705.2575,702.9410,721.6009,202507,705.9541,705.8323,704.0765,0.5000,1.4700,0.0065692947,0.0000000000
88,NSE_EQ|INE301A01014,"2025-07-18 14:02:00",705.90,706.60,705.70,705.90,560,0,1minute,"2025-07-19 19:12:20",706.0944,707.6933,705.0725,702.4517,721.5899,202507,705.9311,705.7903,703.9980,0.9000,1.4300,0.0074340655,0.0000000000
89,NSE_EQ|INE301A01014,"2025-07-18 14:01:00",706.50,706.50,705.95,705.95,113,0,1minute,"2025-07-19 19:12:20",706.0444,707.7028,704.9100,702.1172,721.5877,202507,705.9466,705.7629,703.9204,0.5500,1.4500,0.0079237815,0.0000000000
90,NSE_EQ|INE301A01014,"2025-07-18 14:00:00",706.00,706.95,705.90,706.05,1823,0,1minute,"2025-07-19 19:12:20",706.0500,707.7326,704.7125,701.6924,721.5524,202507,705.9449,705.7162,703.8375,1.0500,1.5000,0.0085710943,0.0000000000
91,NSE_EQ|INE301A01014,"2025-07-18 13:59:00",706.55,706.70,705.90,705.90,522,0,1minute,"2025-07-19 19:12:20",706.0056,707.6945,704.5050,701.3155,721.5422,202507,705.8924,705.6327,703.7472,0.8000,1.4600,0.0090545799,0.0000000000
92,NSE_EQ|INE301A01014,"2025-07-18 13:58:00",706.80,707.00,705.90,705.90,707,0,1minute,"2025-07-19 19:12:20",706.0444,707.5680,704.3375,701.1070,721.5284,202507,705.8886,705.5659,703.6594,1.1000,1.4600,0.0091730470,0.0000000000
93,NSE_EQ|INE301A01014,"2025-07-18 13:57:00",705.05,707.00,705.05,707.00,950,0,1minute,"2025-07-19 19:12:20",706.1111,707.4017,704.1750,700.9483,721.5112,202507,705.8829,705.4823,703.5679,1.9500,2.0600,0.0091644424,0.0000000000
94,NSE_EQ|INE301A01014,"2025-07-18 13:56:00",705.20,705.65,705.00,705.00,775,0,1minute,"2025-07-19 19:12:20",705.9944,707.0019,703.9300,700.8581,721.4953,202507,705.3243,705.1029,703.4278,0.6500,1.3600,0.0087277780,0.0000000000
95,NSE_EQ|INE301A01014,"2025-07-18 13:55:00",705.70,705.70,705.20,705.50,142,0,1minute,"2025-07-19 19:12:20",705.9111,706.9064,703.7925,700.6786,721.4925,202507,705.4864,705.1286,703.3636,0.5000,1.6200,0.0088488702,0.0000000000
96,NSE_EQ|INE301A01014,"2025-07-18 13:54:00",705.50,705.75,705.20,705.70,232,0,1minute,"2025-07-19 19:12:20",705.8778,706.6984,703.6500,700.6016,721.4879,202507,705.4797,705.0358,703.2765,0.5500,1.7500,0.0086646549,0.0000000000
97,NSE_EQ|INE301A01014,"2025-07-18 13:53:00",705.90,706.25,705.50,705.50,3940,0,1minute,"2025-07-19 19:12:20",705.8333,706.4236,703.4950,700.5664,721.4100,202507,705.3695,704.8697,703.1775,0.7500,1.6800,0.0083259568,0.0000000000
98,NSE_EQ|INE301A01014,"2025-07-18 13:52:00",706.05,706.35,705.00,705.50,1680,0,1minute,"2025-07-19 19:12:20",705.7833,706.1518,703.3575,700.5632,721.3770,202507,705.3042,704.7122,703.0827,1.3500,1.6800,0.0079456865,0.0000000000
99,NSE_EQ|INE301A01014,"2025-07-18 13:51:00",707.45,708.00,705.50,705.50,8042,0,1minute,"2025-07-19 19:12:20",705.7222,705.8446,703.2200,700.5954,721.2210,202507,705.2063,704.5152,702.9841,2.5000,1.6800,0.0074644525,0.0000000000
100,NSE_EQ|INE301A01014,"2025-07-18 13:50:00",704.55,707.50,704.35,707.45,10273,0,1minute,"2025-07-19 19:12:20",705.8944,705.5079,703.0350,700.5621,721.0503,202507,705.0595,704.2690,702.8814,3.1500,3.8600,0.0070348498,0.0000000000
101,NSE_EQ|INE301A01014,"2025-07-18 13:49:00",704.55,704.55,703.55,704.55,456,0,1minute,"2025-07-19 19:12:20",705.7444,704.2125,702.7900,701.3675,721.0412,202507,703.8643,703.4738,702.6949,1.0000,2.0600,0.0040482447,0.0000000000
102,NSE_EQ|INE301A01014,"2025-07-18 13:48:00",703.05,704.25,703.05,704.10,710,0,1minute,"2025-07-19 19:12:20",705.4222,703.8696,702.6650,701.4604,721.0267,202507,703.5214,703.2047,702.6192,1.2000,1.8100,0.0034287068,0.0000000000
103,NSE_EQ|INE301A01014,"2025-07-18 13:47:00",703.55,703.55,703.00,703.55,51,0,1minute,"2025-07-19 19:12:20",705.2611,703.5983,702.5625,701.5267,721.0256,202507,703.2321,702.9809,702.5587,0.5500,1.5100,0.0029486253,0.0000000000
104,NSE_EQ|INE301A01014,"2025-07-18 13:46:00",703.00,703.55,702.95,703.55,66,0,1minute,"2025-07-19 19:12:20",705.0444,703.4662,702.4700,701.4738,721.0242,202507,703.0732,702.8387,702.5183,0.6000,1.5100,0.0028362571,0.0000000000
105,NSE_EQ|INE301A01014,"2025-07-18 13:45:00",703.45,703.60,703.00,703.10,160,0,1minute,"2025-07-19 19:12:20",704.7556,703.3010,702.3750,701.4490,721.0208,202507,702.8348,702.6608,702.4762,0.6000,1.3000,0.0026368050,0.0000000000
106,NSE_EQ|INE301A01014,"2025-07-18 13:44:00",702.30,703.55,702.20,703.45,2451,0,1minute,"2025-07-19 19:12:20",704.5278,703.1966,702.3200,701.4434,720.9690,202507,702.7022,702.5510,702.4507,1.3500,1.5300,0.0024962532,0.0000000000
107,NSE_EQ|INE301A01014,"2025-07-18 13:43:00",702.60,702.60,702.25,702.30,261,0,1minute,"2025-07-19 19:12:20",704.1722,702.9634,702.2475,701.5316,720.9632,202507,702.3283,702.3263,702.4099,0.3500,1.0000,0.0020388071,0.0000000000
108,NSE_EQ|INE301A01014,"2025-07-18 13:42:00",702.65,702.65,702.65,702.65,1,0,1minute,"2025-07-19 19:12:20",703.8556,702.9559,702.2325,701.5091,720.9632,202507,702.3424,702.3329,702.4144,0.0000,1.1700,0.0020602222,0.0000000000
109,NSE_EQ|INE301A01014,"2025-07-18 13:41:00",701.95,702.65,701.90,702.00,167,0,1minute,"2025-07-19 19:12:20",703.2500,702.9036,702.2000,701.4964,720.9594,202507,702.1886,702.2536,702.4048,0.7500,0.8700,0.0020038803,0.0000000000
110,NSE_EQ|INE301A01014,"2025-07-18 13:40:00",702.10,702.10,701.75,701.90,376,0,1minute,"2025-07-19 19:12:20",702.9556,702.9136,702.2150,701.5164,720.9508,202507,702.2829,702.3170,702.4213,0.3500,0.8200,0.0019898223,0.0000000000
111,NSE_EQ|INE301A01014,"2025-07-18 13:39:00",702.15,702.55,702.10,702.55,190,0,1minute,"2025-07-19 19:12:20",702.7833,702.9225,702.2075,701.4925,720.9466,202507,702.4744,702.4212,702.4426,0.4500,1.1200,0.0020365347,0.0000000000
112,NSE_EQ|INE301A01014,"2025-07-18 13:38:00",702.25,702.65,702.25,702.65,151,0,1minute,"2025-07-19 19:12:20",702.6833,702.8945,702.1650,701.4355,720.9432,202507,702.4365,702.3890,702.4382,0.4000,1.1800,0.0020777220,0.0000000000
113,NSE_EQ|INE301A01014,"2025-07-18 13:37:00",702.25,702.25,702.10,702.10,59,0,1minute,"2025-07-19 19:12:20",702.5222,702.8945,702.1650,701.4355,720.9419,202507,702.3298,702.3238,702.4296,0.1500,0.9000,0.0020777220,0.0000000000
114,NSE_EQ|INE301A01014,"2025-07-18 13:36:00",702.65,702.75,702.25,702.25,40,0,1minute,"2025-07-19 19:12:20",702.4278,702.9351,702.1875,701.4399,720.9410,202507,702.4447,702.3797,702.4430,0.5000,0.9700,0.0021292872,0.0000000000
115,NSE_EQ|INE301A01014,"2025-07-18 13:35:00",702.10,702.75,702.10,702.65,347,0,1minute,"2025-07-19 19:12:20",702.3389,702.9279,702.1800,701.4321,720.9334,202507,702.5421,702.4121,702.4509,0.6500,1.2000,0.0021303098,0.0000000000
116,NSE_EQ|INE301A01014,"2025-07-18 13:34:00",702.65,702.65,701.75,702.60,958,0,1minute,"2025-07-19 19:12:20",702.3722,702.8691,702.1525,701.4359,720.9124,202507,702.4882,702.3526,702.4428,0.9000,1.1700,0.0020410714,0.0000000000
117,NSE_EQ|INE301A01014,"2025-07-18 13:33:00",702.75,702.75,702.75,702.75,0,0,1minute,"2025-07-19 19:12:20",702.3833,702.8113,702.1225,701.4337,720.9124,202507,702.4322,702.2908,702.4364,0.0000,1.2600,0.0019621119,0.0000000000
118,NSE_EQ|INE301A01014,"2025-07-18 13:32:00",702.05,702.75,702.05,702.75,44,0,1minute,"2025-07-19 19:12:20",702.4667,702.7272,702.0975,701.4678,720.9114,202507,702.2733,702.1760,702.4236,0.7000,1.2600,0.0017936614,0.0000000000
119,NSE_EQ|INE301A01014,"2025-07-18 13:31:00",702.60,702.60,701.80,701.80,284,0,1minute,"2025-07-19 19:12:20",702.4556,702.7982,702.1100,701.4218,720.9049,202507,702.0350,702.0325,702.4102,0.8000,0.8200,0.0019603368,0.0000000000
120,NSE_EQ|INE301A01014,"2025-07-18 13:30:00",702.70,702.70,702.55,702.55,451,0,1minute,"2025-07-19 19:12:20",702.4556,702.8457,702.1475,701.4493,720.8950,202507,702.1525,702.0906,702.4351,0.1500,1.2100,0.0019887391,0.0000000000
121,NSE_EQ|INE301A01014,"2025-07-18 13:29:00",702.05,702.05,702.05,702.05,1,0,1minute,"2025-07-19 19:12:20",702.3889,702.8836,702.1575,701.4314,720.8950,202507,701.9538,701.9758,702.4305,0.0000,0.9200,0.0020683025,0.0000000000
122,NSE_EQ|INE301A01014,"2025-07-18 13:28:00",702.30,702.80,701.75,702.05,506,0,1minute,"2025-07-19 19:12:20",702.3833,703.0040,702.2025,701.4010,720.8836,202507,701.9057,701.9572,702.4460,1.0500,0.9200,0.0022829465,0.0000000000
123,NSE_EQ|INE301A01014,"2025-07-18 13:27:00",701.70,702.30,701.70,701.70,318,0,1minute,"2025-07-19 19:12:20",702.3222,703.0037,702.2000,701.3963,720.8763,202507,701.8335,701.9341,702.4621,0.6000,0.7400,0.0022892089,0.0000000000
124,NSE_EQ|INE301A01014,"2025-07-18 13:26:00",702.00,702.15,701.65,701.65,468,0,1minute,"2025-07-19 19:12:20",702.2111,702.9916,702.2150,701.4384,720.8655,202507,701.9003,701.9926,702.4933,0.5000,0.7100,0.0022118443,0.0000000000
125,NSE_EQ|INE301A01014,"2025-07-18 13:25:00",702.25,702.25,701.65,702.00,872,0,1minute,"2025-07-19 19:12:20",702.1444,702.9799,702.2475,701.5151,720.8459,202507,702.0255,702.0782,702.5277,0.6000,0.8400,0.0020860011,0.0000000000
126,NSE_EQ|INE301A01014,"2025-07-18 13:24:00",702.00,702.60,702.00,702.00,489,0,1minute,"2025-07-19 19:12:20",702.0611,703.0036,702.2725,701.5414,720.8349,202507,702.0382,702.0978,702.5492,0.6000,0.8400,0.0020820350,0.0000000000
127,NSE_EQ|INE301A01014,"2025-07-18 13:23:00",702.00,702.50,702.00,702.00,235,0,1minute,"2025-07-19 19:12:20",701.9778,703.0294,702.3000,701.5706,720.8296,202507,702.0573,702.1222,702.5716,0.5000,0.8400,0.0020771274,0.0000000000
128,NSE_EQ|INE301A01014,"2025-07-18 13:22:00",702.00,702.30,702.00,702.00,134,0,1minute,"2025-07-19 19:12:20",702.0000,703.0281,702.3025,701.5769,720.8266,202507,702.0860,702.1528,702.5950,0.3000,0.8400,0.0020663061,0.0000000000
129,NSE_EQ|INE301A01014,"2025-07-18 13:21:00",702.30,702.30,701.75,702.30,122,0,1minute,"2025-07-19 19:12:20",701.9722,703.0281,702.3025,701.5769,720.8239,202507,702.1290,702.1910,702.6192,0.5500,0.9600,0.0020663061,0.0000000000
130,NSE_EQ|INE301A01014,"2025-07-18 13:20:00",702.10,702.30,701.75,701.75,115,0,1minute,"2025-07-19 19:12:20",701.9389,703.0612,702.3200,701.5788,720.8213,202507,702.0435,702.1637,702.6323,0.5500,0.7300,0.0021107621,0.0000000000
131,NSE_EQ|INE301A01014,"2025-07-18 13:19:00",702.30,702.30,701.70,701.70,932,0,1minute,"2025-07-19 19:12:20",701.9000,703.0851,702.3700,701.6549,720.8001,202507,702.1902,702.2671,702.6683,0.6000,0.7100,0.0020363124,0.0000000000
132,NSE_EQ|INE301A01014,"2025-07-18 13:18:00",702.55,702.90,702.50,702.65,274,0,1minute,"2025-07-19 19:12:20",702.0056,703.0851,702.3700,701.6549,720.7942,202507,702.4353,702.4089,702.7078,0.4000,1.0700,0.0020363124,0.0000000000
133,NSE_EQ|INE301A01014,"2025-07-18 13:17:00",702.10,702.55,702.00,702.55,492,0,1minute,"2025-07-19 19:12:20",702.1056,703.0647,702.3600,701.6553,720.7835,202507,702.3280,702.3486,702.7102,0.5500,1.0200,0.0020066590,0.0000000000
134,NSE_EQ|INE301A01014,"2025-07-18 13:16:00",702.10,702.10,702.05,702.10,24,0,1minute,"2025-07-19 19:12:20",702.1167,703.0598,702.3575,701.6552,720.7830,202507,702.2170,702.2983,702.7167,0.0500,0.8100,0.0019999370,0.0000000000
135,NSE_EQ|INE301A01014,"2025-07-18 13:15:00",702.00,702.15,702.00,702.10,142,0,1minute,"2025-07-19 19:12:20",702.1278,703.0682,702.3750,701.6818,720.7798,202507,702.2754,702.3478,702.7419,0.1500,0.8100,0.0019738205,0.0000000000
136,NSE_EQ|INE301A01014,"2025-07-18 13:14:00",702.25,702.75,702.00,702.00,616,0,1minute,"2025-07-19 19:12:20",702.1278,703.0783,702.3950,701.7117,720.7661,202507,702.3631,702.4098,702.7681,0.7500,0.7700,0.0019456312,0.0000000000
137,NSE_EQ|INE301A01014,"2025-07-18 13:13:00",702.35,702.70,702.25,702.25,239,0,1minute,"2025-07-19 19:12:20",702.1556,703.0798,702.4200,701.7602,720.7608,202507,702.5447,702.5122,702.7994,0.4500,0.8500,0.0018787861,0.0000000000
138,NSE_EQ|INE301A01014,"2025-07-18 13:12:00",702.30,703.00,702.10,703.00,1438,0,1minute,"2025-07-19 19:12:20",702.2333,703.0857,702.4100,701.7343,720.7305,202507,702.6921,702.5778,702.8218,0.9000,1.1900,0.0019240097,0.0000000000
139,NSE_EQ|INE301A01014,"2025-07-18 13:11:00",702.75,703.30,702.55,702.55,2160,0,1minute,"2025-07-19 19:12:20",702.3222,703.0064,702.3850,701.7636,720.6841,202507,702.5381,702.4723,702.8146,0.7500,0.9700,0.0017693130,0.0000000000
140,NSE_EQ|INE301A01014,"2025-07-18 13:10:00",702.75,702.75,702.75,702.75,5,0,1minute,"2025-07-19 19:12:20",702.4389,703.0016,702.3825,701.7634,720.6840,202507,702.5322,702.4528,702.8254,0.0000,1.0700,0.0017628346,0.0000000000
141,NSE_EQ|INE301A01014,"2025-07-18 13:09:00",701.70,702.95,701.70,702.95,3260,0,1minute,"2025-07-19 19:12:20",702.4722,702.9614,702.3450,701.7286,720.6158,202507,702.4233,702.3785,702.8285,1.2500,1.1700,0.0017551496,0.0000000000
142,NSE_EQ|INE301A01014,"2025-07-18 13:08:00",702.00,702.00,701.70,702.00,617,0,1minute,"2025-07-19 19:12:20",702.4111,702.8606,702.3025,701.7444,720.6023,202507,702.1599,702.2357,702.8235,0.3000,0.7300,0.0015893421,0.0000000000
143,NSE_EQ|INE301A01014,"2025-07-18 13:07:00",702.30,702.30,702.00,702.00,113,0,1minute,"2025-07-19 19:12:20",702.4000,702.8738,702.3275,701.7812,720.5998,202507,702.2399,702.2946,702.8571,0.3000,0.7300,0.0015557661,0.0000000000
144,NSE_EQ|INE301A01014,"2025-07-18 13:06:00",702.00,702.30,702.00,702.30,56,0,1minute,"2025-07-19 19:12:20",702.4222,702.8821,702.3525,701.8229,720.5986,202507,702.3598,702.3682,702.8921,0.3000,0.8300,0.0015080715,0.0000000000
145,NSE_EQ|INE301A01014,"2025-07-18 13:05:00",702.55,702.60,702.50,702.50,11,0,1minute,"2025-07-19 19:12:20",702.4778,702.9866,702.3875,701.7884,720.5984,202507,702.3897,702.3853,702.9163,0.1000,0.9000,0.0017057871,0.0000000000
146,NSE_EQ|INE301A01014,"2025-07-18 13:04:00",702.10,702.55,702.00,702.55,40,0,1minute,"2025-07-19 19:12:20",702.5111,703.0457,702.4075,701.7693,720.5975,202507,702.3345,702.3566,702.9332,0.5500,0.9200,0.0018171247,0.0000000000
147,NSE_EQ|INE301A01014,"2025-07-18 13:03:00",702.00,702.40,702.00,702.05,44,0,1minute,"2025-07-19 19:12:20",702.4056,703.1913,702.4450,701.6987,720.5966,202507,702.2268,702.3083,702.9489,0.4000,0.7200,0.0021247424,0.0000000000
148,NSE_EQ|INE301A01014,"2025-07-18 13:02:00",702.50,702.50,702.00,702.00,91,0,1minute,"2025-07-19 19:12:20",702.3444,703.2724,702.4975,701.7226,720.5946,202507,702.3152,702.3728,702.9856,0.5000,0.7000,0.0022061380,0.0000000000
149,NSE_EQ|INE301A01014,"2025-07-18 13:01:00",702.25,702.65,702.25,702.65,52,0,1minute,"2025-07-19 19:12:20",702.3333,703.4266,702.5725,701.7184,720.5935,202507,702.4728,702.4660,703.0258,0.4000,0.9100,0.0024313308,0.0000000000
150,NSE_EQ|INE301A01014,"2025-07-18 13:00:00",702.00,702.75,701.70,702.75,931,0,1minute,"2025-07-19 19:12:20",702.3111,703.7285,702.6450,701.5615,720.5740,202507,702.3842,702.4200,703.0411,1.0500,0.9500,0.0030839660,0.0000000000
151,NSE_EQ|INE301A01014,"2025-07-18 12:59:00",702.05,702.05,701.65,701.70,1567,0,1minute,"2025-07-19 19:12:20",702.2778,704.0696,702.7300,701.3904,720.5393,202507,702.2013,702.3375,703.0530,0.4000,0.5100,0.0038124234,0.0000000000
152,NSE_EQ|INE301A01014,"2025-07-18 12:58:00",702.05,702.45,702.00,702.45,122,0,1minute,"2025-07-19 19:12:20",702.3278,704.2284,702.8500,701.4716,720.5367,202507,702.4519,702.4969,703.1082,0.4500,0.7200,0.0039223302,0.0000000000
153,NSE_EQ|INE301A01014,"2025-07-18 12:57:00",702.45,702.50,702.05,702.50,46,0,1minute,"2025-07-19 19:12:20",702.3500,704.4921,702.9525,701.4129,720.5357,202507,702.4529,702.5087,703.1351,0.4500,0.7400,0.0043804800,0.0000000000
154,NSE_EQ|INE301A01014,"2025-07-18 12:56:00",702.25,702.45,702.05,702.45,210,0,1minute,"2025-07-19 19:12:20",702.3444,704.7878,703.0675,701.3472,720.5312,202507,702.4293,702.5108,703.1610,0.4000,0.7100,0.0048935681,0.0000000000
155,NSE_EQ|INE301A01014,"2025-07-18 12:55:00",702.45,702.50,702.45,702.50,32,0,1minute,"2025-07-19 19:12:20",702.3389,705.0365,703.1850,701.3335,720.5306,202507,702.4189,702.5260,703.1901,0.0500,0.7300,0.0052660762,0.0000000000
156,NSE_EQ|INE301A01014,"2025-07-18 12:54:00",702.05,702.50,702.05,702.50,52,0,1minute,"2025-07-19 19:12:20",702.3889,705.2019,703.2875,701.3731,720.5295,202507,702.3784,702.5325,703.2182,0.4500,0.7300,0.0054441074,0.0000000000
157,NSE_EQ|INE301A01014,"2025-07-18 12:53:00",702.50,702.50,702.05,702.05,29,0,1minute,"2025-07-19 19:12:20",702.3944,705.3355,703.3875,701.4395,720.5288,202507,702.3176,702.5407,703.2475,0.4500,0.5500,0.0055390347,0.0000000000
158,NSE_EQ|INE301A01014,"2025-07-18 12:52:00",702.50,702.50,702.05,702.50,56,0,1minute,"2025-07-19 19:12:20",702.3778,705.4465,703.5200,701.5935,720.5277,202507,702.4514,702.6633,703.2964,0.4500,0.6600,0.0054767438,0.0000000000
159,NSE_EQ|INE301A01014,"2025-07-18 12:51:00",702.00,702.50,702.00,702.50,163,0,1minute,"2025-07-19 19:12:20",702.3500,705.4828,703.6000,701.7172,720.5242,202507,702.4270,702.7042,703.3289,0.5000,0.6600,0.0053519529,0.0000000000
160,NSE_EQ|INE301A01014,"2025-07-18 12:50:00",702.15,702.50,702.00,702.00,734,0,1minute,"2025-07-19 19:12:20",702.3833,705.4950,703.6750,701.8550,720.5083,202507,702.3905,702.7552,703.3628,0.5000,0.4700,0.0051729207,0.0000000000
161,NSE_EQ|INE301A01014,"2025-07-18 12:49:00",702.50,703.40,702.10,702.10,1079,0,1minute,"2025-07-19 19:12:20",702.3444,705.4680,703.7950,702.1220,720.4850,202507,702.5858,702.9440,703.4184,1.3000,0.4800,0.0047542007,0.0000000000
162,NSE_EQ|INE301A01014,"2025-07-18 12:48:00",702.50,702.85,702.50,702.50,218,0,1minute,"2025-07-19 19:12:20",702.3444,705.4269,703.9175,702.4081,720.4804,202507,702.8287,703.1550,703.4722,0.3500,0.5600,0.0042885582,0.0000000000
163,NSE_EQ|INE301A01014,"2025-07-18 12:47:00",703.00,703.00,702.50,702.50,40,0,1minute,"2025-07-19 19:12:20",702.3500,705.3810,704.0100,702.6390,720.4796,202507,702.9931,703.3188,703.5119,0.5000,0.5600,0.0038947886,0.0000000000
164,NSE_EQ|INE301A01014,"2025-07-18 12:46:00",703.00,703.00,703.00,703.00,58,0,1minute,"2025-07-19 19:12:20",702.4056,705.2910,704.1025,702.9140,720.4784,202507,703.2396,703.5235,703.5532,0.0000,0.6800,0.0033758605,0.0000000000
165,NSE_EQ|INE301A01014,"2025-07-18 12:45:00",702.80,702.95,702.70,702.90,493,0,1minute,"2025-07-19 19:12:20",702.4500,705.2412,704.1650,703.0888,720.4683,202507,703.3594,703.6543,703.5758,0.2500,0.6400,0.0030565295,0.0000000000
166,NSE_EQ|INE301A01014,"2025-07-18 12:44:00",703.60,703.80,703.10,703.30,469,0,1minute,"2025-07-19 19:12:20",702.5889,705.1537,704.2425,703.3313,720.4589,202507,703.5891,703.8429,703.6033,0.7000,0.7500,0.0025877287,0.0000000000
167,NSE_EQ|INE301A01014,"2025-07-18 12:43:00",703.55,703.60,703.00,703.10,127,0,1minute,"2025-07-19 19:12:20",702.6556,705.1495,704.3175,703.4855,720.4563,202507,703.7337,703.9786,703.6157,0.6000,0.6700,0.0023626579,0.0000000000
168,NSE_EQ|INE301A01014,"2025-07-18 12:42:00",704.10,704.55,703.50,703.50,559,0,1minute,"2025-07-19 19:12:20",702.7667,705.0455,704.4025,703.7595,720.4452,202507,704.0505,704.1983,703.6368,1.0500,0.7800,0.0018257182,0.0000000000
169,NSE_EQ|INE301A01014,"2025-07-18 12:41:00",704.15,704.45,704.10,704.10,536,0,1minute,"2025-07-19 19:12:20",703.0000,704.9449,704.4525,703.9601,720.4350,202507,704.3258,704.3729,703.6424,0.3500,1.0200,0.0013980148,0.0000000000
170,NSE_EQ|INE301A01014,"2025-07-18 12:40:00",704.10,704.45,704.10,704.45,201,0,1minute,"2025-07-19 19:12:20",703.2611,704.9378,704.4725,704.0072,720.4313,202507,704.4387,704.4411,703.6237,0.3500,1.2300,0.0013208997,0.0000000000
171,NSE_EQ|INE301A01014,"2025-07-18 12:39:00",704.50,704.50,704.10,704.10,205,0,1minute,"2025-07-19 19:12:20",703.4389,705.3364,704.3775,703.4186,720.4274,202507,704.4331,704.4389,703.5899,0.4000,1.0400,0.0027226667,0.0000000000
172,NSE_EQ|INE301A01014,"2025-07-18 12:38:00",704.50,704.80,704.50,704.50,149,0,1minute,"2025-07-19 19:12:20",703.6611,705.6564,704.2775,702.8986,720.4246,202507,704.5997,704.5236,703.5691,0.3000,1.3000,0.0039158991,0.0000000000
173,NSE_EQ|INE301A01014,"2025-07-18 12:37:00",704.80,705.05,704.65,704.80,3317,0,1minute,"2025-07-19 19:12:20",703.8611,705.6900,704.2000,702.7100,720.3644,202507,704.6495,704.5295,703.5311,0.4000,1.5700,0.0042316570,0.0000000000
174,NSE_EQ|INE301A01014,"2025-07-18 12:36:00",704.55,704.95,704.50,704.80,366,0,1minute,"2025-07-19 19:12:20",704.0722,705.6476,704.1175,702.5874,720.3578,202507,704.5742,704.4618,703.4793,0.4500,1.5700,0.0043462136,0.0000000000
175,NSE_EQ|INE301A01014,"2025-07-18 12:35:00",704.50,704.55,704.20,704.55,423,0,1minute,"2025-07-19 19:12:20",704.2111,705.6063,704.0225,702.4387,720.3500,202507,704.4613,704.3773,703.4254,0.3500,1.4200,0.0044993352,0.0000000000
176,NSE_EQ|INE301A01014,"2025-07-18 12:34:00",704.50,704.50,704.40,704.50,80,0,1minute,"2025-07-19 19:12:20",704.3667,705.5542,703.9600,702.3658,720.3486,202507,704.4170,704.3341,703.3795,0.1000,1.3900,0.0045293472,0.0000000000
177,NSE_EQ|INE301A01014,"2025-07-18 12:33:00",704.40,704.90,704.10,704.70,1045,0,1minute,"2025-07-19 19:12:20",704.5000,705.5018,703.8950,702.2882,720.3296,202507,704.3755,704.2926,703.3338,0.8000,1.5500,0.0045655366,0.0000000000
178,NSE_EQ|INE301A01014,"2025-07-18 12:32:00",704.10,704.40,704.10,704.10,73,0,1minute,"2025-07-19 19:12:20",704.5000,705.4069,703.8375,702.2681,720.3282,202507,704.2132,704.1908,703.2780,0.3000,1.2300,0.0044594241,0.0000000000
179,NSE_EQ|INE301A01014,"2025-07-18 12:31:00",703.85,704.00,703.85,704.00,72,0,1minute,"2025-07-19 19:12:20",704.4500,705.4071,703.7675,702.1279,720.3269,202507,704.2698,704.2135,703.2445,0.1500,1.1800,0.0046594820,0.0000000000
180,NSE_EQ|INE301A01014,"2025-07-18 12:30:00",704.50,704.55,703.85,704.40,164,0,1minute,"2025-07-19 19:12:20",704.4833,705.4545,703.6750,701.8955,720.3239,202507,704.4048,704.2669,703.2137,0.7000,1.4500,0.0050576366,0.0000000000
181,NSE_EQ|INE301A01014,"2025-07-18 12:29:00",704.50,704.55,704.10,704.55,463,0,1minute,"2025-07-19 19:12:20",704.4889,705.4489,703.5525,701.6561,720.3154,202507,704.4071,704.2336,703.1652,0.4500,1.5700,0.0053910332,0.0000000000
182,NSE_EQ|INE301A01014,"2025-07-18 12:28:00",704.40,705.00,704.35,704.35,1475,0,1minute,"2025-07-19 19:12:20",704.4389,705.3689,703.4300,701.4911,720.2882,202507,704.3357,704.1545,703.1087,0.6500,1.4700,0.0055127510,0.0000000000
183,NSE_EQ|INE301A01014,"2025-07-18 12:27:00",704.30,704.80,704.30,704.35,179,0,1minute,"2025-07-19 19:12:20",704.3889,705.2615,703.3550,701.4485,720.2849,202507,704.3286,704.1056,703.0580,0.5000,1.4700,0.0054212777,0.0000000000
184,NSE_EQ|INE301A01014,"2025-07-18 12:26:00",704.45,704.80,704.25,704.25,269,0,1minute,"2025-07-19 19:12:20",704.3556,705.1499,703.2575,701.3651,720.2799,202507,704.3178,704.0445,703.0053,0.5500,1.4200,0.0053818856,0.0000000000
185,NSE_EQ|INE301A01014,"2025-07-18 12:25:00",704.45,704.80,704.45,704.45,508,0,1minute,"2025-07-19 19:12:20",704.3500,705.0368,703.1625,701.2882,720.2706,202507,704.3518,703.9932,702.9545,0.3500,1.5500,0.0053309627,0.0000000000
186,NSE_EQ|INE301A01014,"2025-07-18 12:24:00",704.50,704.80,704.20,704.80,131,0,1minute,"2025-07-19 19:12:20",704.3611,704.8634,703.0800,701.2966,720.2683,202507,704.3026,703.8790,702.8935,0.6000,1.8200,0.0050730147,0.0000000000
187,NSE_EQ|INE301A01014,"2025-07-18 12:23:00",704.50,704.80,704.50,704.80,252,0,1minute,"2025-07-19 19:12:20",704.4389,704.5868,702.9875,701.3882,720.2638,202507,704.0540,703.6487,702.8157,0.3000,1.8200,0.0045501116,0.0000000000
188,NSE_EQ|INE301A01014,"2025-07-18 12:22:00",704.50,704.70,704.30,704.50,527,0,1minute,"2025-07-19 19:12:20",704.4944,704.2644,702.8975,701.5306,720.2542,202507,703.6809,703.3609,702.7347,0.4000,1.7000,0.0038893913,0.0000000000
189,NSE_EQ|INE301A01014,"2025-07-18 12:21:00",702.50,704.50,702.05,704.50,2335,0,1minute,"2025-07-19 19:12:20",704.5056,703.9866,702.8275,701.6684,720.2119,202507,703.2714,703.0761,702.6626,2.4500,1.7000,0.0032983447,0.0000000000
190,NSE_EQ|INE301A01014,"2025-07-18 12:20:00",701.60,702.55,701.50,702.55,1039,0,1minute,"2025-07-19 19:12:20",704.2833,703.6699,702.7675,701.8651,720.1908,202507,702.6571,702.7202,702.5876,1.0500,0.9700,0.0025680524,0.0000000000
191,NSE_EQ|INE301A01014,"2025-07-18 12:19:00",702.30,702.30,701.50,702.10,695,0,1minute,"2025-07-19 19:12:20",704.0333,703.7377,702.7250,701.7123,720.1764,202507,702.7107,702.7627,702.5891,0.8000,0.8200,0.0028821224,0.0000000000
192,NSE_EQ|INE301A01014,"2025-07-18 12:18:00",703.15,703.25,702.45,702.95,376,0,1minute,"2025-07-19 19:12:20",703.8778,703.7801,702.7050,701.6299,720.1689,202507,703.0160,702.9284,702.6091,0.8000,1.1200,0.0030599694,0.0000000000
193,NSE_EQ|INE301A01014,"2025-07-18 12:17:00",702.90,703.20,702.55,703.15,254,0,1minute,"2025-07-19 19:12:20",703.7556,703.8017,702.6400,701.4783,720.1640,202507,703.0490,702.9230,702.5952,0.6500,1.2200,0.0033067370,0.0000000000
194,NSE_EQ|INE301A01014,"2025-07-18 12:16:00",702.65,703.25,702.25,702.90,371,0,1minute,"2025-07-19 19:12:20",703.5833,703.7779,702.5650,701.3521,720.1566,202507,702.9985,702.8662,702.5726,1.0000,1.1200,0.0034527456,0.0000000000
195,NSE_EQ|INE301A01014,"2025-07-18 12:15:00",703.20,703.50,702.70,703.30,1019,0,1minute,"2025-07-19 19:12:20",703.4167,703.7465,702.5200,701.2935,720.1370,202507,703.0478,702.8578,702.5592,0.8000,1.3200,0.0034918290,0.0000000000
196,NSE_EQ|INE301A01014,"2025-07-18 12:14:00",703.55,703.55,702.95,703.20,142,0,1minute,"2025-07-19 19:12:20",703.2389,703.6784,702.4300,701.1816,720.1342,202507,702.9216,702.7472,702.5289,0.6000,1.2800,0.0035544009,0.0000000000
197,NSE_EQ|INE301A01014,"2025-07-18 12:13:00",702.20,703.55,702.20,703.55,383,0,1minute,"2025-07-19 19:12:20",703.1333,703.5958,702.3500,701.1042,720.1269,202507,702.7825,702.6340,702.5016,1.3500,1.4800,0.0035474989,0.0000000000
198,NSE_EQ|INE301A01014,"2025-07-18 12:12:00",702.70,702.70,702.70,702.70,3,0,1minute,"2025-07-19 19:12:20",702.9333,703.4148,702.2950,701.1752,720.1269,202507,702.3987,702.4050,702.4588,0.0000,1.1200,0.0031889071,0.0000000000
199,NSE_EQ|INE301A01014,"2025-07-18 12:11:00",701.95,702.15,701.85,702.15,156,0,1minute,"2025-07-19 19:12:20",702.8889,703.3859,702.2375,701.0891,720.1237,202507,702.2481,702.3313,702.4489,0.3000,0.9100,0.0032707534,0.0000000000
200,NSE_EQ|INE301A01014,"2025-07-18 12:10:00",702.10,702.60,701.75,701.95,244,0,1minute,"2025-07-19 19:12:20",702.8722,703.3914,702.2100,701.0286,720.1186,202507,702.2971,702.3766,702.4611,0.8500,0.8300,0.0033646777,0.0000000000
201,NSE_EQ|INE301A01014,"2025-07-18 12:09:00",702.30,702.60,701.80,702.10,586,0,1minute,"2025-07-19 19:12:20",702.7778,703.3919,702.2125,701.0331,720.1065,202507,702.4706,702.4833,702.4820,0.8000,0.8800,0.0033589651,0.0000000000
202,NSE_EQ|INE301A01014,"2025-07-18 12:08:00",702.85,702.95,702.35,702.85,71,0,1minute,"2025-07-19 19:12:20",702.7444,703.3896,702.2075,701.0254,720.1051,202507,702.6559,702.5791,702.4976,0.6000,1.1700,0.0033667082,0.0000000000
203,NSE_EQ|INE301A01014,"2025-07-18 12:07:00",702.40,702.40,702.40,702.40,5,0,1minute,"2025-07-19 19:12:20",702.6889,703.3364,702.1300,700.9236,720.1050,202507,702.5589,702.5113,702.4832,0.0000,0.9900,0.0034363995,0.0000000000
204,NSE_EQ|INE301A01014,"2025-07-18 12:06:00",702.85,702.90,702.35,702.35,155,0,1minute,"2025-07-19 19:12:20",702.5833,703.3649,702.1425,700.9201,720.1019,202507,702.6383,702.5392,702.4866,0.5500,0.9700,0.0034819297,0.0000000000
205,NSE_EQ|INE301A01014,"2025-07-18 12:05:00",702.90,702.90,702.80,702.80,21,0,1minute,"2025-07-19 19:12:20",702.5389,703.4036,702.1600,700.9164,720.1015,202507,702.7825,702.5865,702.4922,0.1000,1.1500,0.0035422802,0.0000000000
206,NSE_EQ|INE301A01014,"2025-07-18 12:04:00",702.90,702.95,702.40,702.95,528,0,1minute,"2025-07-19 19:12:20",702.4722,703.3269,702.1125,700.8981,720.0911,202507,702.7737,702.5331,702.4796,0.5500,1.2200,0.0034594009,0.0000000000
207,NSE_EQ|INE301A01014,"2025-07-18 12:03:00",703.00,703.05,703.00,703.00,132,0,1minute,"2025-07-19 19:12:20",702.5056,703.2635,702.0925,700.9215,720.0885,202507,702.6856,702.4288,702.4604,0.0500,1.2400,0.0033357842,0.0000000000
208,NSE_EQ|INE301A01014,"2025-07-18 12:02:00",703.30,703.75,703.10,703.10,408,0,1minute,"2025-07-19 19:12:20",702.6111,703.3073,702.1025,700.8977,720.0806,202507,702.5284,702.2860,702.4384,0.6500,1.2900,0.0034318971,0.0000000000
209,NSE_EQ|INE301A01014,"2025-07-18 12:01:00",702.15,703.50,702.00,703.30,1037,0,1minute,"2025-07-19 19:12:20",702.7611,703.2174,702.0775,700.9376,720.0608,202507,702.2427,702.0826,702.4114,1.5000,1.3800,0.0032473485,0.0000000000
210,NSE_EQ|INE301A01014,"2025-07-18 12:00:00",701.75,701.75,701.70,701.70,59,0,1minute,"2025-07-19 19:12:20",702.7167,703.2445,702.0825,700.9205,720.0595,202507,701.7140,701.7782,702.3751,0.0500,0.8300,0.0033101903,0.0000000000
211,NSE_EQ|INE301A01014,"2025-07-18 11:59:00",702.10,702.30,701.70,701.70,72,0,1minute,"2025-07-19 19:12:20",702.5889,703.3426,702.1425,700.9424,720.0580,202507,701.7210,701.7977,702.4026,0.6000,0.8300,0.0034184359,0.0000000000
212,NSE_EQ|INE301A01014,"2025-07-18 11:58:00",702.00,702.10,701.65,701.65,10,0,1minute,"2025-07-19 19:12:20",702.5056,703.4634,702.2125,700.9616,720.0578,202507,701.7314,701.8222,702.4313,0.4500,0.8100,0.0035628806,0.0000000000
213,NSE_EQ|INE301A01014,"2025-07-18 11:57:00",701.80,702.00,701.60,701.65,125,0,1minute,"2025-07-19 19:12:20",702.4278,703.4594,702.2325,701.0056,720.0552,202507,701.7722,701.8652,702.4632,0.4000,0.8100,0.0034942743,0.0000000000
214,NSE_EQ|INE301A01014,"2025-07-18 11:56:00",702.00,702.00,702.00,702.00,119,0,1minute,"2025-07-19 19:12:20",702.3389,703.4535,702.2525,701.0515,720.0528,202507,701.8333,701.9190,702.4964,0.0000,0.9000,0.0034205099,0.0000000000
215,NSE_EQ|INE301A01014,"2025-07-18 11:55:00",701.90,701.95,701.50,701.50,46,0,1minute,"2025-07-19 19:12:20",702.1778,703.4535,702.2525,701.0515,720.0518,202507,701.7499,701.8988,702.5167,0.4500,0.7600,0.0034205099,0.0000000000
216,NSE_EQ|INE301A01014,"2025-07-18 11:54:00",702.55,702.65,701.60,701.60,318,0,1minute,"2025-07-19 19:12:20",702.0222,703.5030,702.3225,701.1420,720.0451,202507,701.8748,701.9985,702.5582,1.0500,0.7800,0.0033615765,0.0000000000
217,NSE_EQ|INE301A01014,"2025-07-18 11:53:00",701.60,702.45,701.60,702.45,298,0,1minute,"2025-07-19 19:12:20",701.9500,703.5592,702.3925,701.2258,720.0391,202507,702.0122,702.0981,702.5973,0.8500,0.9800,0.0033221793,0.0000000000
218,NSE_EQ|INE301A01014,"2025-07-18 11:52:00",702.10,702.15,701.55,701.55,176,0,1minute,"2025-07-19 19:12:20",701.7556,703.8314,702.4700,701.1086,720.0354,202507,701.7933,702.0102,702.6033,0.6000,0.7300,0.0038760270,0.0000000000
219,NSE_EQ|INE301A01014,"2025-07-18 11:51:00",701.85,702.05,701.60,701.60,61,0,1minute,"2025-07-19 19:12:20",701.7444,704.3293,702.6425,700.9557,720.0341,202507,701.9150,702.1252,702.6463,0.4500,0.7400,0.0048012874,0.0000000000
220,NSE_EQ|INE301A01014,"2025-07-18 11:50:00",702.00,702.30,702.00,702.00,485,0,1minute,"2025-07-19 19:12:20",701.7778,704.6356,702.7975,700.9594,720.0242,202507,702.0725,702.2565,702.6890,0.3000,0.8200,0.0052307040,0.0000000000
221,NSE_EQ|INE301A01014,"2025-07-18 11:49:00",701.30,702.00,701.30,702.00,103,0,1minute,"2025-07-19 19:12:20",701.8167,704.9079,702.9325,700.9571,720.0221,202507,702.1088,702.3206,702.7171,0.7000,0.8200,0.0056205046,0.0000000000
222,NSE_EQ|INE301A01014,"2025-07-18 11:48:00",702.00,702.50,701.30,701.30,449,0,1minute,"2025-07-19 19:12:20",701.7778,704.8982,702.9625,701.0268,720.0125,202507,702.1632,702.4008,702.7464,1.2000,0.6600,0.0055072202,0.0000000000
223,NSE_EQ|INE301A01014,"2025-07-18 11:47:00",702.15,702.70,702.10,702.65,153,0,1minute,"2025-07-19 19:12:20",701.8500,704.8290,703.0500,701.2710,720.0095,202507,702.5948,702.6760,702.8054,0.6000,0.9200,0.0050609336,0.0000000000
224,NSE_EQ|INE301A01014,"2025-07-18 11:46:00",702.50,702.85,702.15,702.70,92,0,1minute,"2025-07-19 19:12:20",701.9833,704.8449,703.0750,701.3051,720.0077,202507,702.5671,702.6825,702.8118,0.7000,0.9300,0.0050347033,0.0000000000
225,NSE_EQ|INE301A01014,"2025-07-18 11:45:00",702.15,702.50,701.65,701.85,597,0,1minute,"2025-07-19 19:12:20",702.0111,704.8520,703.0900,701.3280,719.9954,202507,702.5007,702.6781,702.8163,0.8500,0.7200,0.0050121251,0.0000000000
226,NSE_EQ|INE301A01014,"2025-07-18 11:44:00",703.15,703.15,702.45,702.55,134,0,1minute,"2025-07-19 19:12:20",702.0222,704.8425,703.1700,701.4975,719.9927,202507,702.8261,702.8851,702.8558,0.7000,0.8600,0.0047571511,0.0000000000
227,NSE_EQ|INE301A01014,"2025-07-18 11:43:00",702.60,703.50,702.35,703.20,1294,0,1minute,"2025-07-19 19:12:20",702.2056,704.8533,703.2050,701.5567,719.9681,202507,702.9641,702.9689,702.8682,1.1500,1.0400,0.0046879705,0.0000000000
228,NSE_EQ|INE301A01014,"2025-07-18 11:42:00",703.00,703.20,702.60,702.60,136,0,1minute,"2025-07-19 19:12:20",702.3167,704.8733,703.2200,701.5667,719.9654,202507,702.8461,702.9111,702.8547,0.6000,0.8600,0.0047020839,0.0000000000
229,NSE_EQ|INE301A01014,"2025-07-18 11:41:00",703.00,703.45,703.00,703.40,33,0,1minute,"2025-07-19 19:12:20",702.4722,704.8867,703.2575,701.6283,719.9648,202507,702.9692,702.9889,702.8651,0.4500,1.1000,0.0046332804,0.0000000000
230,NSE_EQ|INE301A01014,"2025-07-18 11:40:00",703.45,703.45,702.90,702.90,53,0,1minute,"2025-07-19 19:12:20",702.5722,704.8835,703.2550,701.6265,719.9637,202507,702.7538,702.8861,702.8433,0.5500,0.9400,0.0046312235,0.0000000000
231,NSE_EQ|INE301A01014,"2025-07-18 11:39:00",702.45,703.10,702.30,703.10,1179,0,1minute,"2025-07-19 19:12:20",702.7722,704.8839,703.2575,701.6311,719.9412,202507,702.6807,702.8826,702.8409,0.8000,1.0000,0.0046254185,0.0000000000
232,NSE_EQ|INE301A01014,"2025-07-18 11:38:00",702.10,702.60,702.00,702.05,496,0,1minute,"2025-07-19 19:12:20",702.7056,704.8806,703.2500,701.6194,719.9312,202507,702.4710,702.8282,702.8304,0.6000,0.6900,0.0046374520,0.0000000000
233,NSE_EQ|INE301A01014,"2025-07-18 11:37:00",702.00,703.00,702.00,702.05,709,0,1minute,"2025-07-19 19:12:20",702.6333,704.8381,703.2900,701.7419,719.9168,202507,702.6815,703.0228,702.8622,1.0000,0.6900,0.0044024388,0.0000000000
234,NSE_EQ|INE301A01014,"2025-07-18 11:36:00",702.90,702.90,702.00,702.00,820,0,1minute,"2025-07-19 19:12:20",702.6500,704.7856,703.3375,701.8894,719.9002,202507,702.9973,703.2660,702.8954,0.9000,0.6800,0.0041176791,0.0000000000
235,NSE_EQ|INE301A01014,"2025-07-18 11:35:00",703.00,703.45,702.90,702.90,171,0,1minute,"2025-07-19 19:12:20",702.6889,704.7289,703.3650,702.0011,719.8970,202507,703.4960,703.5825,702.9319,0.5500,0.8600,0.0038780856,0.0000000000
236,NSE_EQ|INE301A01014,"2025-07-18 11:34:00",703.95,703.95,702.55,703.00,1810,0,1minute,"2025-07-19 19:12:20",702.6667,704.7398,703.3925,702.0452,719.8625,202507,703.7939,703.7531,702.9332,1.4000,0.8800,0.0038309235,0.0000000000
237,NSE_EQ|INE301A01014,"2025-07-18 11:33:00",705.20,705.20,703.55,704.00,2022,0,1minute,"2025-07-19 19:12:20",702.8222,704.7455,703.4100,702.0745,719.8264,202507,704.1909,703.9414,702.9305,1.6500,1.2000,0.0037972587,0.0000000000
238,NSE_EQ|INE301A01014,"2025-07-18 11:32:00",704.65,705.20,704.65,705.00,67,0,1minute,"2025-07-19 19:12:20",703.0000,704.6878,703.3800,702.0722,719.8253,202507,704.2864,703.9267,702.8868,0.5500,1.8100,0.0037186801,0.0000000000
239,NSE_EQ|INE301A01014,"2025-07-18 11:31:00",704.85,705.80,704.70,704.70,595,0,1minute,"2025-07-19 19:12:20",703.2000,704.3711,703.2950,702.2189,719.8152,202507,703.9296,703.6584,702.8006,1.1000,1.6700,0.0030600463,0.0000000000
240,NSE_EQ|INE301A01014,"2025-07-18 11:30:00",703.10,705.50,703.10,704.70,2874,0,1minute,"2025-07-19 19:12:20",703.3778,704.1861,703.2600,702.3339,719.7665,202507,703.5444,703.3980,702.7231,2.4000,1.6700,0.0026336403,0.0000000000
241,NSE_EQ|INE301A01014,"2025-07-18 11:29:00",703.05,703.05,702.55,702.60,977,0,1minute,"2025-07-19 19:12:20",703.4389,703.9172,703.2150,702.5128,719.7477,202507,702.9665,703.0725,702.6424,0.5000,0.8200,0.0019971440,0.0000000000
242,NSE_EQ|INE301A01014,"2025-07-18 11:28:00",703.00,703.15,702.80,703.05,252,0,1minute,"2025-07-19 19:12:20",703.5500,704.5130,703.3575,702.2020,719.7430,202507,703.1498,703.1907,702.6441,0.3500,0.9900,0.0032857857,0.0000000000
243,NSE_EQ|INE301A01014,"2025-07-18 11:27:00",702.55,703.75,702.55,703.15,258,0,1minute,"2025-07-19 19:12:20",703.6778,704.7368,703.4425,702.1482,719.7382,202507,703.1997,703.2258,702.6275,1.2000,1.0300,0.0036799714,0.0000000000
244,NSE_EQ|INE301A01014,"2025-07-18 11:26:00",703.45,703.75,702.95,703.00,935,0,1minute,"2025-07-19 19:12:20",703.6889,705.0672,703.5500,702.0328,719.7207,202507,703.2245,703.2448,702.6062,0.8000,0.9700,0.0043130817,0.0000000000
245,NSE_EQ|INE301A01014,"2025-07-18 11:25:00",702.80,704.30,702.60,703.45,2018,0,1minute,"2025-07-19 19:12:20",703.7389,705.4027,703.6775,701.9523,719.6841,202507,703.3368,703.3060,702.5901,1.7000,1.1700,0.0049035143,0.0000000000
246,NSE_EQ|INE301A01014,"2025-07-18 11:24:00",703.25,703.25,703.25,703.25,5,0,1minute,"2025-07-19 19:12:20",703.6556,705.5694,703.7550,701.9406,719.6840,202507,703.2802,703.2699,702.5550,0.0000,1.0900,0.0051562245,0.0000000000
247,NSE_EQ|INE301A01014,"2025-07-18 11:23:00",703.25,703.95,702.55,703.50,2212,0,1minute,"2025-07-19 19:12:20",703.4889,705.5774,703.7775,701.9776,719.6442,202507,703.2953,703.2749,702.5267,1.4000,1.2100,0.0051148386,0.0000000000
248,NSE_EQ|INE301A01014,"2025-07-18 11:22:00",703.30,703.35,702.80,703.35,114,0,1minute,"2025-07-19 19:12:20",703.3389,705.5892,703.7425,701.8958,719.6422,202507,703.1930,703.2187,702.4869,0.5500,1.1400,0.0052482065,0.0000000000
249,NSE_EQ|INE301A01014,"2025-07-18 11:21:00",702.95,703.35,702.55,703.35,587,0,1minute,"2025-07-19 19:12:20",703.1889,705.7133,703.6575,701.6017,719.6315,202507,703.1145,703.1858,702.4517,0.8000,1.1400,0.0058431569,0.0000000000
250,NSE_EQ|INE301A01014,"2025-07-18 11:20:00",702.95,702.95,702.95,702.95,3,0,1minute,"2025-07-19 19:12:20",703.2278,705.9698,703.5200,701.0702,719.6315,202507,702.9968,703.1448,702.4151,0.0000,1.0100,0.0069643379,0.0000000000
251,NSE_EQ|INE301A01014,"2025-07-18 11:19:00",702.55,703.40,702.55,702.95,240,0,1minute,"2025-07-19 19:12:20",703.2167,706.0749,703.4325,700.7901,719.6270,202507,703.0202,703.1935,702.3932,0.8500,1.0100,0.0075128729,0.0000000000
252,NSE_EQ|INE301A01014,"2025-07-18 11:18:00",703.55,703.65,702.40,702.85,381,0,1minute,"2025-07-19 19:12:20",703.1833,706.1666,703.3400,700.5134,719.6199,202507,703.0553,703.2544,702.3705,1.2500,0.9800,0.0080376149,0.0000000000
253,NSE_EQ|INE301A01014,"2025-07-18 11:17:00",703.00,703.65,703.00,703.00,211,0,1minute,"2025-07-19 19:12:20",703.1833,706.2052,703.2725,700.3398,719.6161,202507,703.1579,703.3555,702.3509,0.6500,1.0200,0.0083400293,0.0000000000
254,NSE_EQ|INE301A01014,"2025-07-18 11:16:00",703.45,703.80,702.55,702.55,491,0,1minute,"2025-07-19 19:12:20",703.0833,706.2292,703.1975,700.1658,719.6068,202507,703.2369,703.4443,702.3244,1.2500,0.9000,0.0086227398,0.0000000000
255,NSE_EQ|INE301A01014,"2025-07-18 11:15:00",703.50,704.00,703.45,703.45,46,0,1minute,"2025-07-19 19:12:20",703.1056,706.2359,703.1675,700.0991,719.6059,202507,703.5803,703.6679,702.3152,0.5500,1.1600,0.0087274569,0.0000000000
256,NSE_EQ|INE301A01014,"2025-07-18 11:14:00",703.40,703.45,702.55,703.35,899,0,1minute,"2025-07-19 19:12:20",703.0889,706.2192,703.0700,699.9208,719.5897,202507,703.6455,703.7224,702.2689,0.9000,1.1300,0.0089583978,0.0000000000
257,NSE_EQ|INE301A01014,"2025-07-18 11:13:00",703.30,704.00,703.30,703.40,240,0,1minute,"2025-07-19 19:12:20",703.0944,706.2007,702.9725,699.7443,719.5854,202507,703.7933,703.8155,702.2248,0.7000,1.1400,0.0091845156,0.0000000000
258,NSE_EQ|INE301A01014,"2025-07-18 11:12:00",704.00,704.00,703.30,703.30,507,0,1minute,"2025-07-19 19:12:20",703.0889,706.1527,702.8950,699.6373,719.5763,202507,703.9899,703.9194,702.1768,0.7000,1.1200,0.0092695057,0.0000000000
259,NSE_EQ|INE301A01014,"2025-07-18 11:11:00",703.80,704.35,703.30,704.00,943,0,1minute,"2025-07-19 19:12:20",703.2056,706.1491,702.7675,699.3859,719.5600,202507,704.3349,704.0742,702.1310,1.0500,1.3500,0.0096236902,0.0000000000
260,NSE_EQ|INE301A01014,"2025-07-18 11:10:00",704.90,704.90,703.20,703.80,840,0,1minute,"2025-07-19 19:12:20",703.3000,706.0520,702.6000,699.1480,719.5454,202507,704.5023,704.0928,702.0547,1.7000,1.2900,0.0098262339,0.0000000000
261,NSE_EQ|INE301A01014,"2025-07-18 11:09:00",704.70,705.45,704.00,705.45,1182,0,1minute,"2025-07-19 19:12:20",703.5889,705.9481,702.4425,698.9369,719.5270,202507,704.8535,704.1659,701.9834,1.4500,2.2300,0.0099811906,0.0000000000
262,NSE_EQ|INE301A01014,"2025-07-18 11:08:00",704.75,705.15,704.55,704.75,306,0,1minute,"2025-07-19 19:12:20",703.7833,705.4865,702.2325,698.9785,719.5220,202507,704.5552,703.8449,701.8420,0.6000,1.9500,0.0092674804,0.0000000000
263,NSE_EQ|INE301A01014,"2025-07-18 11:07:00",705.50,706.55,704.60,705.30,2415,0,1minute,"2025-07-19 19:12:20",704.0889,705.1222,702.0550,698.9878,719.4842,202507,704.4578,703.6187,701.7233,1.9500,2.4600,0.0087378625,0.0000000000
264,NSE_EQ|INE301A01014,"2025-07-18 11:06:00",705.05,706.45,705.00,705.55,5006,0,1minute,"2025-07-19 19:12:20",704.3222,704.5499,701.8600,699.1701,719.4079,202507,704.0367,703.1983,701.5773,1.4500,2.7700,0.0076650815,0.0000000000
265,NSE_EQ|INE301A01014,"2025-07-18 11:05:00",703.10,705.55,703.00,705.00,5923,0,1minute,"2025-07-19 19:12:20",704.5056,703.7434,701.6300,699.5166,719.3151,202507,703.2801,702.6104,701.4151,2.5500,2.5100,0.0060242176,0.0000000000
266,NSE_EQ|INE301A01014,"2025-07-18 11:04:00",702.95,703.70,702.85,703.70,2911,0,1minute,"2025-07-19 19:12:20",704.5389,702.9097,701.4650,700.0203,719.2658,202507,702.4202,702.0130,701.2688,0.8500,1.9500,0.0041190363,0.0000000000
267,NSE_EQ|INE301A01014,"2025-07-18 11:03:00",701.90,703.50,701.85,702.80,3286,0,1minute,"2025-07-19 19:12:20",704.4833,702.3886,701.3625,700.3364,719.2073,202507,701.7803,701.5912,701.1696,1.6500,1.5900,0.0029260104,0.0000000000
268,NSE_EQ|INE301A01014,"2025-07-18 11:02:00",701.00,701.90,701.00,701.65,1187,0,1minute,"2025-07-19 19:12:20",704.2222,702.3886,701.3625,700.3364,719.1849,202507,701.2704,701.2891,701.1030,0.9000,1.1600,0.0029260104,0.0000000000
269,NSE_EQ|INE301A01014,"2025-07-18 11:01:00",700.65,701.30,700.55,700.60,403,0,1minute,"2025-07-19 19:12:20",703.8667,702.5162,701.4000,700.2838,719.1768,202507,701.0806,701.1988,701.0807,0.7500,0.8000,0.0031829019,0.0000000000
270,NSE_EQ|INE301A01014,"2025-07-18 11:00:00",701.10,701.30,700.85,701.20,890,0,1minute,"2025-07-19 19:12:20",703.3944,702.5447,701.4675,700.3903,719.1595,202507,701.3209,701.3485,701.1003,0.4500,0.9900,0.0030711633,0.0000000000
271,NSE_EQ|INE301A01014,"2025-07-18 10:59:00",701.50,701.80,701.10,701.10,138,0,1minute,"2025-07-19 19:12:20",702.9889,702.5455,701.4625,700.3795,719.1569,202507,701.3814,701.3857,701.0962,0.7000,0.9500,0.0030878159,0.0000000000
272,NSE_EQ|INE301A01014,"2025-07-18 10:58:00",701.50,701.90,701.50,701.50,18,0,1minute,"2025-07-19 19:12:20",702.5667,702.5627,701.4900,700.4173,719.1565,202507,701.5221,701.4571,701.0961,0.4000,1.1000,0.0030582339,0.0000000000
273,NSE_EQ|INE301A01014,"2025-07-18 10:57:00",701.85,701.90,701.50,701.50,298,0,1minute,"2025-07-19 19:12:20",702.1167,702.5766,701.5000,700.4234,719.1508,202507,701.5331,701.4464,701.0796,0.4000,1.1000,0.0030693332,0.0000000000
274,NSE_EQ|INE301A01014,"2025-07-18 10:56:00",701.50,702.20,701.45,701.95,645,0,1minute,"2025-07-19 19:12:20",701.7778,702.5960,701.4575,700.3190,719.1389,202507,701.5496,701.4329,701.0624,0.7500,1.3000,0.0032462144,0.0000000000
275,NSE_EQ|INE301A01014,"2025-07-18 10:55:00",701.40,701.50,701.40,701.50,364,0,1minute,"2025-07-19 19:12:20",701.5333,702.5430,701.4075,700.2720,719.1320,202507,701.3494,701.3037,701.0262,0.1000,1.1300,0.0032376684,0.0000000000
276,NSE_EQ|INE301A01014,"2025-07-18 10:54:00",701.85,701.95,701.20,701.40,290,0,1minute,"2025-07-19 19:12:20",701.3778,702.5584,701.3575,700.1566,719.1265,202507,701.2741,701.2546,701.0069,0.7500,1.1000,0.0034246373,0.0000000000
277,NSE_EQ|INE301A01014,"2025-07-18 10:53:00",700.80,701.85,700.55,701.85,729,0,1minute,"2025-07-19 19:12:20",701.4000,702.5832,701.3050,700.0268,719.1129,202507,701.2112,701.2182,700.9908,1.3000,1.2900,0.0036453212,0.0000000000
278,NSE_EQ|INE301A01014,"2025-07-18 10:52:00",700.70,701.20,700.65,700.75,270,0,1minute,"2025-07-19 19:12:20",701.4167,702.5222,701.2550,699.9878,719.1076,202507,700.8918,701.0603,700.9558,0.5500,0.9000,0.0036142091,0.0000000000
279,NSE_EQ|INE301A01014,"2025-07-18 10:51:00",700.65,700.65,700.65,700.65,36,0,1minute,"2025-07-19 19:12:20",701.3556,702.5341,701.2425,699.9509,719.1069,202507,700.9627,701.1379,700.9642,0.0000,0.8700,0.0036837961,0.0000000000
280,NSE_EQ|INE301A01014,"2025-07-18 10:50:00",700.70,700.70,700.65,700.65,82,0,1minute,"2025-07-19 19:12:20",701.3056,702.5452,701.2325,699.9198,719.1053,202507,701.1191,701.2598,700.9770,0.0500,0.8700,0.0037440812,0.0000000000
281,NSE_EQ|INE301A01014,"2025-07-18 10:49:00",701.80,702.10,701.25,701.25,2751,0,1minute,"2025-07-19 19:12:20",701.2778,702.5982,701.2000,699.8018,719.0527,202507,701.3536,701.4123,700.9903,0.8500,1.0400,0.0039880580,0.0000000000
282,NSE_EQ|INE301A01014,"2025-07-18 10:48:00",701.05,701.20,700.85,701.20,364,0,1minute,"2025-07-19 19:12:20",701.2444,702.6157,701.1450,699.6743,719.0457,202507,701.4055,701.4529,700.9797,0.3500,1.0300,0.0041950812,0.0000000000
283,NSE_EQ|INE301A01014,"2025-07-18 10:47:00",701.25,701.80,701.10,701.40,277,0,1minute,"2025-07-19 19:12:20",701.1833,702.6331,701.0875,699.5419,719.0405,202507,701.5082,701.5161,700.9707,0.7000,1.0900,0.0044091460,0.0000000000
284,NSE_EQ|INE301A01014,"2025-07-18 10:46:00",701.65,702.10,700.20,700.95,4281,0,1minute,"2025-07-19 19:12:20",701.1222,702.6115,701.0725,699.5335,718.9580,202507,701.5623,701.5451,700.9532,1.9000,0.9600,0.0043903735,0.0000000000
285,NSE_EQ|INE301A01014,"2025-07-18 10:45:00",701.60,701.70,701.60,701.70,157,0,1minute,"2025-07-19 19:12:20",701.1556,702.6239,701.0850,699.5461,718.9551,202507,701.8685,701.6939,700.9533,0.1000,1.2000,0.0043899476,0.0000000000
286,NSE_EQ|INE301A01014,"2025-07-18 10:44:00",702.80,702.80,701.55,701.65,1155,0,1minute,"2025-07-19 19:12:20",701.1333,702.5556,701.0350,699.5144,718.9338,202507,701.9527,701.6924,700.9229,1.2500,1.1900,0.0043380405,0.0000000000
287,NSE_EQ|INE301A01014,"2025-07-18 10:43:00",702.35,703.50,701.95,702.80,4468,0,1minute,"2025-07-19 19:12:20",701.3611,702.5218,701.0200,699.5182,718.8575,202507,702.1040,701.7030,700.8932,1.5500,1.7800,0.0042846108,0.0000000000
288,NSE_EQ|INE301A01014,"2025-07-18 10:42:00",701.95,702.40,701.85,702.40,1030,0,1minute,"2025-07-19 19:12:20",701.5556,702.2401,700.8625,699.4849,718.8396,202507,701.7561,701.4287,700.8154,0.5500,1.6200,0.0039312528,0.0000000000
289,NSE_EQ|INE301A01014,"2025-07-18 10:41:00",701.10,702.40,701.10,701.95,1997,0,1minute,"2025-07-19 19:12:20",701.7000,702.0260,700.7175,699.4090,718.8040,202507,701.4341,701.1859,700.7507,1.3000,1.4500,0.0037348554,0.0000000000
290,NSE_EQ|INE301A01014,"2025-07-18 10:40:00",701.65,701.75,701.10,701.10,290,0,1minute,"2025-07-19 19:12:20",701.6833,701.8710,700.6750,699.4790,718.7986,202507,701.1762,700.9948,700.7017,0.6500,1.1600,0.0034139512,0.0000000000
291,NSE_EQ|INE301A01014,"2025-07-18 10:39:00",701.35,701.70,701.30,701.65,207,0,1minute,"2025-07-19 19:12:20",701.7333,701.8252,700.6400,699.4548,718.7948,202507,701.2142,700.9686,700.6855,0.4000,1.4100,0.0033830732,0.0000000000
292,NSE_EQ|INE301A01014,"2025-07-18 10:38:00",701.00,701.70,701.00,701.70,858,0,1minute,"2025-07-19 19:12:20",701.7667,701.6740,700.5825,699.4910,718.7794,202507,700.9964,700.7982,700.6461,0.7000,1.4300,0.0031158513,0.0000000000
293,NSE_EQ|INE301A01014,"2025-07-18 10:37:00",700.85,701.50,700.65,700.65,765,0,1minute,"2025-07-19 19:12:20",701.7333,701.6080,700.4500,699.2920,718.7648,202507,700.6446,700.5727,700.6031,0.8500,1.0700,0.0033064902,0.0000000000
294,NSE_EQ|INE301A01014,"2025-07-18 10:36:00",700.85,701.20,700.25,700.95,1455,0,1minute,"2025-07-19 19:12:20",701.6500,701.6085,700.3975,699.1865,718.7375,202507,700.6418,700.5534,700.6012,0.9500,1.1900,0.0034579821,0.0000000000
295,NSE_EQ|INE301A01014,"2025-07-18 10:35:00",700.85,700.95,700.40,700.50,290,0,1minute,"2025-07-19 19:12:20",701.5222,701.6333,700.2975,698.9617,718.7320,202507,700.4878,700.4543,700.5869,0.5500,1.0400,0.0038150713,0.0000000000
296,NSE_EQ|INE301A01014,"2025-07-18 10:34:00",700.50,700.95,700.35,700.35,247,0,1minute,"2025-07-19 19:12:20",701.2500,701.7863,700.1850,698.5837,718.7272,202507,700.4816,700.4428,700.5905,0.6000,0.9900,0.0045738790,0.0000000000
297,NSE_EQ|INE301A01014,"2025-07-18 10:33:00",700.85,701.00,700.45,700.85,221,0,1minute,"2025-07-19 19:12:20",701.0778,701.8790,700.0825,698.2860,718.7231,202507,700.5475,700.4661,700.6003,0.5500,1.1600,0.0051321431,0.0000000000
298,NSE_EQ|INE301A01014,"2025-07-18 10:32:00",700.45,700.85,700.35,700.50,21,0,1minute,"2025-07-19 19:12:20",700.9167,701.8860,699.9500,698.0140,718.7227,202507,700.3962,700.3701,700.5901,0.5000,1.0500,0.0055317529,0.0000000000
299,NSE_EQ|INE301A01014,"2025-07-18 10:31:00",700.00,700.90,700.00,700.45,2243,0,1minute,"2025-07-19 19:12:20",700.8444,701.8487,699.8625,697.8763,718.6797,202507,700.3443,700.3376,700.5938,0.9000,1.0300,0.0056758890,0.0000000000
300,NSE_EQ|INE301A01014,"2025-07-18 10:30:00",700.15,700.15,700.00,700.00,807,0,1minute,"2025-07-19 19:12:20",700.6611,701.7885,699.7950,697.8015,718.6639,202507,700.2914,700.3095,700.5997,0.1500,0.9200,0.0056972808,0.0000000000
301,NSE_EQ|INE301A01014,"2025-07-18 10:29:00",700.10,700.60,700.10,700.15,197,0,1minute,"2025-07-19 19:12:20",700.4889,701.7627,699.7625,697.7623,718.6601,202507,700.4371,700.3869,700.6241,0.5000,0.9500,0.0057168503,0.0000000000
302,NSE_EQ|INE301A01014,"2025-07-18 10:28:00",700.80,700.80,699.90,700.05,374,0,1minute,"2025-07-19 19:12:20",700.4222,701.7216,699.7200,697.7184,718.6528,202507,700.5807,700.4461,700.6435,0.9000,0.9300,0.0057211438,0.0000000000
303,NSE_EQ|INE301A01014,"2025-07-18 10:27:00",701.10,701.20,701.05,701.10,322,0,1minute,"2025-07-19 19:12:20",700.4389,701.6861,699.6825,697.6789,718.6469,202507,700.8460,700.5451,700.6677,0.1500,1.2000,0.0057270707,0.0000000000
304,NSE_EQ|INE301A01014,"2025-07-18 10:26:00",701.20,701.20,700.65,701.20,792,0,1minute,"2025-07-19 19:12:20",700.5167,701.5144,699.6175,697.7206,718.6325,202507,700.7190,700.4064,700.6501,0.5500,1.2400,0.0054227116,0.0000000000
305,NSE_EQ|INE301A01014,"2025-07-18 10:25:00",701.25,701.35,700.45,700.70,118,0,1minute,"2025-07-19 19:12:20",700.5556,701.2850,699.5325,697.7800,718.6302,202507,700.4785,700.2079,700.6276,0.9000,1.1100,0.0050105044,0.0000000000
306,NSE_EQ|INE301A01014,"2025-07-18 10:24:00",699.60,701.35,699.60,701.35,2407,0,1minute,"2025-07-19 19:12:20",700.6111,701.1935,699.5025,697.8115,718.5869,202507,700.3677,700.0849,700.6247,1.7500,1.3100,0.0048348597,0.0000000000
307,NSE_EQ|INE301A01014,"2025-07-18 10:23:00",699.20,699.70,699.20,699.65,405,0,1minute,"2025-07-19 19:12:20",700.5167,701.1542,699.4950,697.8358,718.5789,202507,699.8765,699.7687,700.5951,0.5000,0.8800,0.0047439554,0.0000000000
308,NSE_EQ|INE301A01014,"2025-07-18 10:22:00",701.05,701.10,699.50,699.50,1497,0,1minute,"2025-07-19 19:12:20",700.4111,701.2612,699.5400,697.8188,718.5492,202507,699.9898,699.7983,700.6336,1.6000,0.8400,0.0049210067,0.0000000000
309,NSE_EQ|INE301A01014,"2025-07-18 10:21:00",700.00,702.00,700.00,701.10,2507,0,1minute,"2025-07-19 19:12:20",700.5333,701.4497,699.6150,697.7803,718.5038,202507,700.2347,699.8729,700.6799,2.0000,1.3000,0.0052448659,0.0000000000
310,NSE_EQ|INE301A01014,"2025-07-18 10:20:00",700.50,700.60,700.00,700.40,1211,0,1minute,"2025-07-19 19:12:20",700.5611,701.5291,699.6325,697.7359,718.4811,202507,699.8021,699.5662,700.6628,0.6000,1.0800,0.0054218418,0.0000000000
311,NSE_EQ|INE301A01014,"2025-07-18 10:19:00",699.45,700.50,699.45,700.50,2284,0,1minute,"2025-07-19 19:12:20",700.6111,701.8383,699.7100,697.5817,718.4386,202507,699.5031,699.3577,700.6735,1.0500,1.1100,0.0060833365,0.0000000000
312,NSE_EQ|INE301A01014,"2025-07-18 10:18:00",698.90,699.95,698.90,699.05,1968,0,1minute,"2025-07-19 19:12:20",700.3833,702.0688,699.7750,697.4812,718.3992,202507,699.0047,699.0721,700.6806,1.0500,0.7000,0.0065558100,0.0000000000
313,NSE_EQ|INE301A01014,"2025-07-18 10:17:00",698.80,699.65,698.70,699.60,349,0,1minute,"2025-07-19 19:12:20",700.2056,702.3841,699.9225,697.4609,718.3924,202507,698.9820,699.0776,700.7471,0.9500,0.8200,0.0070339219,0.0000000000
314,NSE_EQ|INE301A01014,"2025-07-18 10:16:00",698.25,699.60,698.00,698.95,1731,0,1minute,"2025-07-19 19:12:20",700.0111,702.6789,700.0475,697.4161,718.3578,202507,698.6730,698.9471,700.7939,1.6000,0.6400,0.0075178891,0.0000000000
315,NSE_EQ|INE301A01014,"2025-07-18 10:15:00",698.30,698.55,698.05,698.25,919,0,1minute,"2025-07-19 19:12:20",699.6667,703.0659,700.2375,697.4091,718.3388,202507,698.5345,698.9463,700.8692,0.5000,0.4500,0.0080784163,0.0000000000
316,NSE_EQ|INE301A01014,"2025-07-18 10:14:00",698.65,698.80,698.30,698.30,436,0,1minute,"2025-07-19 19:12:20",699.5167,703.2593,700.4425,697.6257,718.3298,202507,698.6768,699.1204,700.9761,0.5000,0.4600,0.0080428715,0.0000000000
317,NSE_EQ|INE301A01014,"2025-07-18 10:13:00",698.75,699.05,698.00,698.20,4186,0,1minute,"2025-07-19 19:12:20",699.3722,703.3193,700.6200,697.9207,718.2435,202507,698.8652,699.3255,701.0853,1.0500,0.4400,0.0077055558,0.0000000000
318,NSE_EQ|INE301A01014,"2025-07-18 10:12:00",699.10,699.65,698.75,698.75,1538,0,1minute,"2025-07-19 19:12:20",699.1111,703.4581,700.8475,698.2369,718.2129,202507,699.1977,699.6069,701.2031,0.9000,0.5000,0.0074499701,0.0000000000
319,NSE_EQ|INE301A01014,"2025-07-18 10:11:00",699.05,699.75,699.05,699.10,521,0,1minute,"2025-07-19 19:12:20",698.9667,703.5064,701.0200,698.5336,718.2027,202507,699.4216,699.8211,701.3032,0.7000,0.5400,0.0070937869,0.0000000000
320,NSE_EQ|INE301A01014,"2025-07-18 10:10:00",699.40,699.60,699.05,699.35,643,0,1minute,"2025-07-19 19:12:20",698.8389,703.5837,701.1875,698.7913,718.1903,202507,699.5824,700.0013,701.3932,0.5500,0.5700,0.0068347510,0.0000000000
321,NSE_EQ|INE301A01014,"2025-07-18 10:09:00",699.30,699.50,699.30,699.30,1001,0,1minute,"2025-07-19 19:12:20",698.8667,703.5740,701.3150,699.0560,718.1710,202507,699.6986,700.1642,701.4766,0.2000,0.5600,0.0064421956,0.0000000000
322,NSE_EQ|INE301A01014,"2025-07-18 10:08:00",699.70,700.00,699.30,699.30,480,0,1minute,"2025-07-19 19:12:20",698.8333,703.5121,701.4425,699.3729,718.1618,202507,699.8979,700.3802,701.5654,0.7000,0.5600,0.0059010039,0.0000000000
323,NSE_EQ|INE301A01014,"2025-07-18 10:07:00",699.45,699.80,699.10,699.80,396,0,1minute,"2025-07-19 19:12:20",698.9278,703.3645,701.5325,699.7005,718.1544,202507,700.1969,700.6503,701.6579,0.7000,0.6200,0.0052228911,0.0000000000
324,NSE_EQ|INE301A01014,"2025-07-18 10:06:00",700.70,700.70,698.50,699.50,6163,0,1minute,"2025-07-19 19:12:20",699.0667,703.2641,701.6075,699.9509,718.0380,202507,700.3954,700.8629,701.7337,2.2000,0.5600,0.0047222567,0.0000000000
325,NSE_EQ|INE301A01014,"2025-07-18 10:05:00",701.20,701.50,700.10,700.10,599,0,1minute,"2025-07-19 19:12:20",699.2667,703.1162,701.7475,700.3788,718.0271,202507,700.8430,701.2036,701.8249,1.4000,0.6300,0.0039009742,0.0000000000
326,NSE_EQ|INE301A01014,"2025-07-18 10:04:00",701.10,701.20,700.30,701.20,365,0,1minute,"2025-07-19 19:12:20",699.6000,703.2559,701.9150,700.5741,718.0209,202507,701.2146,701.4795,701.8953,0.9000,0.7900,0.0038207832,0.0000000000
327,NSE_EQ|INE301A01014,"2025-07-18 10:03:00",701.05,701.25,700.25,700.55,2228,0,1minute,"2025-07-19 19:12:20",699.8000,703.6774,702.0625,700.4476,717.9816,202507,701.2219,701.5493,701.9236,1.0000,0.6500,0.0046004213,0.0000000000
328,NSE_EQ|INE301A01014,"2025-07-18 10:02:00",700.95,701.65,700.90,701.00,699,0,1minute,"2025-07-19 19:12:20",700.0111,703.9296,702.2400,700.5504,717.9696,202507,701.5578,701.7992,701.9797,0.7500,0.7100,0.0048119052,0.0000000000
329,NSE_EQ|INE301A01014,"2025-07-18 10:01:00",701.95,702.00,700.90,701.45,2740,0,1minute,"2025-07-19 19:12:20",700.2444,704.4487,702.4450,700.4413,717.9241,202507,701.8367,701.9989,702.0197,1.1000,0.7800,0.0057049920,0.0000000000
330,NSE_EQ|INE301A01014,"2025-07-18 10:00:00",702.00,702.00,701.80,701.95,607,0,1minute,"2025-07-19 19:12:20",700.5389,704.4378,702.4825,700.5272,717.9143,202507,702.0300,702.1362,702.0429,0.2000,0.8800,0.0055668851,0.0000000000
331,NSE_EQ|INE301A01014,"2025-07-18 09:59:00",701.90,702.00,701.60,701.80,243,0,1minute,"2025-07-19 19:12:20",700.8167,704.4618,702.5200,700.5782,717.9104,202507,702.0700,702.1827,702.0467,0.4000,0.8500,0.0055279616,0.0000000000
332,NSE_EQ|INE301A01014,"2025-07-18 09:58:00",702.00,702.40,701.80,702.00,299,0,1minute,"2025-07-19 19:12:20",701.0611,704.7361,702.6525,700.5689,717.9056,202507,702.2050,702.2784,702.0568,0.6000,0.8800,0.0059307286,0.0000000000
333,NSE_EQ|INE301A01014,"2025-07-18 09:57:00",702.75,702.75,702.05,702.10,962,0,1minute,"2025-07-19 19:12:20",701.3500,704.8608,702.7425,700.6242,717.8903,202507,702.3076,702.3480,702.0591,0.7000,0.9000,0.0060287201,0.0000000000
334,NSE_EQ|INE301A01014,"2025-07-18 09:56:00",702.30,702.75,701.95,702.75,695,0,1minute,"2025-07-19 19:12:20",701.6444,704.8911,702.7900,700.6889,717.8798,202507,702.4114,702.4100,702.0575,0.8000,1.0300,0.0059792967,0.0000000000
335,NSE_EQ|INE301A01014,"2025-07-18 09:55:00",702.25,702.50,701.90,702.35,253,0,1minute,"2025-07-19 19:12:20",701.7722,704.9568,702.8300,700.7032,717.8758,202507,702.2420,702.3250,702.0292,0.6000,0.9500,0.0060521851,0.0000000000
336,NSE_EQ|INE301A01014,"2025-07-18 09:54:00",702.50,702.75,701.80,701.85,877,0,1minute,"2025-07-19 19:12:20",701.9167,705.0270,702.8900,700.7530,717.8618,202507,702.1881,702.3188,702.0161,0.9500,0.8500,0.0060804975,0.0000000000
337,NSE_EQ|INE301A01014,"2025-07-18 09:53:00",702.50,702.75,702.30,702.75,449,0,1minute,"2025-07-19 19:12:20",702.1111,705.0512,702.9625,700.8738,717.8550,202507,702.3571,702.4360,702.0229,0.4500,1.0100,0.0059427057,0.0000000000
338,NSE_EQ|INE301A01014,"2025-07-18 09:52:00",702.45,702.50,702.10,702.20,357,0,1minute,"2025-07-19 19:12:20",702.1944,705.2982,703.0650,700.8318,717.8494,202507,702.1606,702.3575,701.9932,0.4000,0.9000,0.0063527031,0.0000000000
339,NSE_EQ|INE301A01014,"2025-07-18 09:51:00",701.90,702.75,701.65,702.45,1092,0,1minute,"2025-07-19 19:12:20",702.2500,705.3866,703.1550,700.9234,717.8325,202507,702.1410,702.3968,701.9848,1.1000,0.9500,0.0063473031,0.0000000000
340,NSE_EQ|INE301A01014,"2025-07-18 09:50:00",701.85,702.30,701.25,701.90,726,0,1minute,"2025-07-19 19:12:20",702.2611,705.5626,703.2650,700.9674,717.8210,202507,701.9864,702.3835,701.9658,1.0500,0.8500,0.0065341776,0.0000000000
341,NSE_EQ|INE301A01014,"2025-07-18 09:49:00",701.30,702.95,701.10,701.85,2338,0,1minute,"2025-07-19 19:12:20",702.2444,705.8483,703.4450,701.0417,717.7838,202507,702.0297,702.5044,701.9685,1.8500,0.8400,0.0068329726,0.0000000000
342,NSE_EQ|INE301A01014,"2025-07-18 09:48:00",701.30,701.90,700.85,701.10,2329,0,1minute,"2025-07-19 19:12:20",702.1333,705.9329,703.5875,701.2421,717.7451,202507,702.1195,702.6680,701.9733,1.0500,0.7300,0.0066669588,0.0000000000
343,NSE_EQ|INE301A01014,"2025-07-18 09:47:00",702.10,702.30,700.90,701.30,3286,0,1minute,"2025-07-19 19:12:20",701.9722,705.7748,703.7250,701.6752,717.6915,202507,702.6292,703.0600,702.0089,1.4000,0.7500,0.0058254463,0.0000000000
344,NSE_EQ|INE301A01014,"2025-07-18 09:46:00",703.60,703.95,702.00,702.30,3096,0,1minute,"2025-07-19 19:12:20",701.9667,705.5640,703.8375,702.1110,717.6444,202507,703.2939,703.5001,702.0379,1.9500,0.8700,0.0049060218,0.0000000000
345,NSE_EQ|INE301A01014,"2025-07-18 09:45:00",703.80,703.80,703.00,703.45,856,0,1minute,"2025-07-19 19:12:20",702.1444,705.7175,703.9975,702.2775,717.6324,202507,703.7908,703.8001,702.0272,0.8000,1.0400,0.0048864429,0.0000000000
346,NSE_EQ|INE301A01014,"2025-07-18 09:44:00",703.80,704.70,703.35,704.15,780,0,1minute,"2025-07-19 19:12:20",702.3000,706.8570,704.2525,701.6480,717.6220,202507,703.9612,703.8876,701.9691,1.3500,1.1600,0.0073965247,0.0000000000
347,NSE_EQ|INE301A01014,"2025-07-18 09:43:00",704.90,705.25,703.95,704.10,1310,0,1minute,"2025-07-19 19:12:20",702.5111,707.6487,704.4675,701.2863,717.6046,202507,703.8668,703.8220,701.8801,1.3000,1.1500,0.0090316103,0.0000000000
348,NSE_EQ|INE301A01014,"2025-07-18 09:42:00",702.65,706.00,702.00,705.10,6260,0,1minute,"2025-07-19 19:12:20",702.8056,707.9354,704.6025,701.2696,717.5279,202507,703.7502,703.7525,701.7895,4.0000,1.3600,0.0094604771,0.0000000000
349,NSE_EQ|INE301A01014,"2025-07-18 09:41:00",702.50,703.05,701.65,702.20,1760,0,1minute,"2025-07-19 19:12:20",702.8389,707.9437,704.6075,701.2713,717.5015,202507,703.0753,703.4156,701.6543,1.4000,0.8800,0.0094696882,0.0000000000
350,NSE_EQ|INE301A01014,"2025-07-18 09:40:00",703.60,703.95,702.50,702.70,4054,0,1minute,"2025-07-19 19:12:20",702.9333,707.9202,704.7625,701.6048,717.4431,202507,703.5129,703.7195,701.6321,1.4500,0.9500,0.0089609457,0.0000000000
351,NSE_EQ|INE301A01014,"2025-07-18 09:39:00",703.85,704.45,703.00,704.45,943,0,1minute,"2025-07-19 19:12:20",703.3056,707.8647,704.8400,701.8153,717.4312,202507,703.9193,703.9744,701.5885,1.4500,1.3000,0.0085825585,0.0000000000
352,NSE_EQ|INE301A01014,"2025-07-18 09:38:00",703.20,703.80,703.00,703.80,2933,0,1minute,"2025-07-19 19:12:20",703.5833,707.8733,704.7875,701.7017,717.3924,202507,703.6540,703.8555,701.4717,0.8000,1.1800,0.0087565502,0.0000000000
353,NSE_EQ|INE301A01014,"2025-07-18 09:37:00",703.10,703.50,703.05,703.05,159,0,1minute,"2025-07-19 19:12:20",703.6667,708.3078,704.5975,700.8872,717.3902,202507,703.5810,703.8694,701.3767,0.4500,1.0400,0.0105317435,0.0000000000
354,NSE_EQ|INE301A01014,"2025-07-18 09:36:00",703.55,703.75,703.00,703.55,1153,0,1minute,"2025-07-19 19:12:20",703.6778,708.9853,704.3500,699.7147,717.3747,202507,703.8465,704.0742,701.3084,0.7500,1.1400,0.0131619205,0.0000000000
355,NSE_EQ|INE301A01014,"2025-07-18 09:35:00",703.80,704.45,703.10,703.55,1762,0,1minute,"2025-07-19 19:12:20",703.6111,709.3601,704.1050,698.8499,717.3511,202507,703.9947,704.2052,701.2169,1.3500,1.1400,0.0149269875,0.0000000000
356,NSE_EQ|INE301A01014,"2025-07-18 09:34:00",704.80,704.80,703.25,703.30,1694,0,1minute,"2025-07-19 19:12:20",703.5222,709.8613,703.7825,697.7037,717.3281,202507,704.2170,704.3690,701.1216,1.5500,1.1000,0.0172747640,0.0000000000
357,NSE_EQ|INE301A01014,"2025-07-18 09:33:00",703.85,705.15,703.05,704.80,3502,0,1minute,"2025-07-19 19:12:20",703.4889,710.5266,703.3750,696.2234,717.2859,202507,704.6756,704.6363,701.0327,2.1000,1.4100,0.0203351220,0.0000000000
358,NSE_EQ|INE301A01014,"2025-07-18 09:32:00",704.60,704.85,703.25,704.00,2421,0,1minute,"2025-07-19 19:12:20",703.6889,710.6231,702.9825,695.3419,717.2550,202507,704.6134,704.5954,700.8790,1.6000,1.2700,0.0217377620,0.0000000000
359,NSE_EQ|INE301A01014,"2025-07-18 09:31:00",705.60,705.85,704.10,704.65,3227,0,1minute,"2025-07-19 19:12:20",703.9056,710.6386,702.6600,694.6814,717.2161,202507,704.9200,704.7442,700.7516,1.7500,1.4200,0.0227097998,0.0000000000
360,NSE_EQ|INE301A01014,"2025-07-18 09:30:00",705.00,705.65,704.65,705.50,977,0,1minute,"2025-07-19 19:12:20",704.0222,710.5540,702.2850,694.0160,717.2051,202507,705.0550,704.7678,700.5924,1.0000,1.6600,0.0235487992,0.0000000000
361,NSE_EQ|INE301A01014,"2025-07-18 09:29:00",703.90,706.20,703.85,704.70,4525,0,1minute,"2025-07-19 19:12:20",704.1222,710.2964,701.8600,693.4236,717.1512,202507,704.8326,704.5847,700.3921,2.3500,1.5100,0.0240400806,0.0000000000
362,NSE_EQ|INE301A01014,"2025-07-18 09:28:00",704.10,704.70,703.05,703.85,3267,0,1minute,"2025-07-19 19:12:20",704.2111,710.0348,701.5000,692.9652,717.1100,202507,704.8989,704.5559,700.2163,1.6500,1.3600,0.0243330323,0.0000000000
363,NSE_EQ|INE301A01014,"2025-07-18 09:27:00",705.00,705.70,703.55,703.55,4128,0,1minute,"2025-07-19 19:12:20",704.2111,709.8092,701.1925,692.5758,717.0570,202507,705.4233,704.7324,700.0680,2.1500,1.3200,0.0245773989,0.0000000000
364,NSE_EQ|INE301A01014,"2025-07-18 09:26:00",708.55,708.60,705.00,705.50,3125,0,1minute,"2025-07-19 19:12:20",704.4278,709.6127,700.8450,692.0773,717.0230,202507,706.3599,705.0280,699.9259,3.6000,1.8400,0.0250202603,0.0000000000
365,NSE_EQ|INE301A01014,"2025-07-18 09:25:00",708.60,710.55,708.00,708.55,16079,0,1minute,"2025-07-19 19:12:20",705.0111,709.0971,700.3800,691.6629,716.8964,202507,706.7899,704.9100,699.6983,2.5500,4.4000,0.0248925799,0.0000000000
366,NSE_EQ|INE301A01014,"2025-07-18 09:24:00",706.80,709.85,706.05,708.45,15397,0,1minute,"2025-07-19 19:12:20",705.4167,707.7931,699.7725,691.7519,716.7773,202507,705.9098,704.0000,699.3371,3.8000,4.3600,0.0229235304,0.0000000000
367,NSE_EQ|INE301A01014,"2025-07-18 09:23:00",705.25,707.95,704.10,706.80,11758,0,1minute,"2025-07-19 19:12:20",705.7278,706.2491,699.1675,692.0859,716.6710,202507,704.6398,702.8875,698.9651,3.8500,3.7100,0.0202572782,0.0000000000
368,NSE_EQ|INE301A01014,"2025-07-18 09:22:00",705.50,706.05,705.00,705.20,6612,0,1minute,"2025-07-19 19:12:20",705.7889,704.8995,698.6275,692.3555,716.6027,202507,703.5596,701.9094,698.6453,1.0500,3.1300,0.0179553171,0.0000000000
369,NSE_EQ|INE301A01014,"2025-07-18 09:21:00",703.55,706.00,703.55,705.30,10117,0,1minute,"2025-07-19 19:12:20",705.7667,703.7465,698.1925,692.6385,716.5007,202507,702.7395,701.0867,698.3778,2.4500,3.2400,0.0159097450,0.0000000000
370,NSE_EQ|INE301A01014,"2025-07-18 09:20:00",703.40,705.00,702.60,704.25,8502,0,1minute,"2025-07-19 19:12:20",705.7167,702.2883,697.7375,693.1867,716.4084,202507,701.4592,700.0334,698.0952,2.4000,2.9000,0.0130444769,0.0000000000
371,NSE_EQ|INE301A01014,"2025-07-18 09:19:00",700.00,704.00,700.00,703.40,7090,0,1minute,"2025-07-19 19:12:20",705.6667,700.8080,697.3675,693.9270,716.3272,202507,700.0638,698.9793,697.8440,4.0000,2.6400,0.0098672052,0.0000000000
372,NSE_EQ|INE301A01014,"2025-07-18 09:18:00",698.05,701.00,698.00,700.00,8281,0,1minute,"2025-07-19 19:12:20",705.2722,699.0911,697.0475,695.0039,716.2091,202507,698.3957,697.8741,697.6172,3.0000,1.6900,0.0058637111,0.0000000000
373,NSE_EQ|INE301A01014,"2025-07-18 09:17:00",698.95,699.85,696.65,698.10,4752,0,1minute,"2025-07-19 19:12:20",704.4500,698.4202,696.8900,695.3598,716.1342,202507,697.5935,697.3426,697.5200,3.2000,1.1900,0.0043915933,0.0000000000
374,NSE_EQ|INE301A01014,"2025-07-18 09:16:00",696.25,699.85,696.00,698.65,6878,0,1minute,"2025-07-19 19:12:20",703.3500,698.3229,696.8625,695.4021,716.0302,202507,697.3403,697.1533,697.4963,3.8500,1.3800,0.0041914627,0.0000000000
375,NSE_EQ|INE301A01014,"2025-07-18 09:15:00",700.00,700.40,693.05,697.10,16134,0,1minute,"2025-07-19 19:12:20",702.0889,698.2000,696.8400,695.4800,715.7696,202507,696.6855,696.7791,697.4492,7.3500,0.9800,0.0039033351,0.0000000000

CREATE TABLE `stock_candle_data` (
  `id` bigint NOT NULL AUTO_INCREMENT,
  `instrument_key` varchar(50) NOT NULL,
  `timestamp` timestamp NOT NULL,
  `open` decimal(18,2) NOT NULL,
  `high` decimal(18,2) NOT NULL,
  `low` decimal(18,2) NOT NULL,
  `close` decimal(18,2) NOT NULL,
  `volume` bigint NOT NULL,
  `open_interest` bigint NOT NULL,
  `time_interval` varchar(20) NOT NULL,
  `created_at` timestamp NULL DEFAULT CURRENT_TIMESTAMP,
  `ma_9` decimal(18,4) DEFAULT NULL,
  `bb_upper` decimal(18,4) DEFAULT NULL,
  `bb_middle` decimal(18,4) DEFAULT NULL,
  `bb_lower` decimal(18,4) DEFAULT NULL,
  `vwap` decimal(18,4) DEFAULT NULL,
  `partition_yyyymm` int GENERATED ALWAYS AS (((year(`timestamp`) * 100) + month(`timestamp`))) STORED NOT NULL,
  `ema_5` decimal(18,4) DEFAULT NULL,
  `ema_9` decimal(18,4) DEFAULT NULL,
  `ema_50` decimal(18,4) DEFAULT NULL,
  `atr` decimal(18,4) DEFAULT NULL,
  `rsi` decimal(18,4) DEFAULT NULL,
  `bb_width` double DEFAULT NULL,
  `lowest_bb_width` double DEFAULT NULL,
  PRIMARY KEY (`id`,`partition_yyyymm`),
  UNIQUE KEY `idx_stock_candle_unique` (`instrument_key`,`timestamp`,`time_interval`,`partition_yyyymm`),
  KEY `idx_stock_candle_instrument_key` (`instrument_key`),
  KEY `idx_stock_candle_timestamp` (`timestamp`),
  KEY `idx_stock_candle_instrument_timestamp` (`instrument_key`,`timestamp`),
  KEY `idx_stock_candle_interval` (`time_interval`)
) ENGINE=InnoDB AUTO_INCREMENT=44852071 DEFAULT CHARSET=utf8mb4 COLLATE=utf8mb4_0900_ai_ci
/*!50100 PARTITION BY RANGE (`partition_yyyymm`)
(PARTITION p_archive_2021_202409 VALUES LESS THAN (202410) ENGINE = InnoDB,
 PARTITION p202410 VALUES LESS THAN (202411) ENGINE = InnoDB,
 PARTITION p202411 VALUES LESS THAN (202412) ENGINE = InnoDB,
 PARTITION p202412 VALUES LESS THAN (202501) ENGINE = InnoDB,
 PARTITION p202501 VALUES LESS THAN (202502) ENGINE = InnoDB,
 PARTITION p202502 VALUES LESS THAN (202503) ENGINE = InnoDB,
 PARTITION p202503 VALUES LESS THAN (202504) ENGINE = InnoDB,
 PARTITION p202504 VALUES LESS THAN (202505) ENGINE = InnoDB,
 PARTITION p202505 VALUES LESS THAN (202506) ENGINE = InnoDB,
 PARTITION p202506 VALUES LESS THAN (202507) ENGINE = InnoDB,
 PARTITION p202507 VALUES LESS THAN (202508) ENGINE = InnoDB,
 PARTITION p202508 VALUES LESS THAN (202509) ENGINE = InnoDB,
 PARTITION p202509 VALUES LESS THAN (202510) ENGINE = InnoDB,
 PARTITION p202510 VALUES LESS THAN (202511) ENGINE = InnoDB,
 PARTITION p202511 VALUES LESS THAN (202512) ENGINE = InnoDB,
 PARTITION p202512 VALUES LESS THAN (202601) ENGINE = InnoDB,
 PARTITION p202601 VALUES LESS THAN (202602) ENGINE = InnoDB,
 PARTITION p202602 VALUES LESS THAN (202603) ENGINE = InnoDB,
 PARTITION p202603 VALUES LESS THAN (202604) ENGINE = InnoDB,
 PARTITION p202604 VALUES LESS THAN (202605) ENGINE = InnoDB,
 PARTITION p202605 VALUES LESS THAN (202606) ENGINE = InnoDB,
 PARTITION pmax VALUES LESS THAN MAXVALUE ENGINE = InnoDB) */;



