0.000000000000000000e+00 1.341129511114036665e+00 1.510833265441306361e+00 1.232467920601760136e+00 1.428613826217489224e+00 1.468906319219481338e+00 1.356417329367742397e+00 1.465584450844855890e+00 1.381622324146686065e+00 1.402449132597114900e+00
1.341129511114036665e+00 0.000000000000000000e+00 1.401206018407119558e+00 1.404725002767818420e+00 1.296422697973340199e+00 1.330470446778877269e+00 1.392716864775819019e+00 1.273472452914788278e+00 1.302227596398023213e+00 1.378355940450515016e+00
1.510833265441306361e+00 1.401206018407119558e+00 0.000000000000000000e+00 1.440282540168604797e+00 1.363883800478969510e+00 1.418152916015239517e+00 1.442334734186880407e+00 1.414213562373095145e+00 1.380833969771346093e+00 1.304499688933825396e+00
1.232467920601760136e+00 1.404725002767818420e+00 1.440282540168604797e+00 0.000000000000000000e+00 1.295797250446959037e+00 1.427640173075731767e+00 1.460938503068101690e+00 1.414213562373095145e+00 1.493532446977678285e+00 1.354169243056547955e+00
1.428613826217489224e+00 1.296422697973340199e+00 1.363883800478969510e+00 1.295797250446959037e+00 0.000000000000000000e+00 1.354550598197953093e+00 1.404560832050079533e+00 1.312409235429264909e+00 1.418008595559530516e+00 1.345841708667453007e+00
1.468906319219481338e+00 1.330470446778877269e+00 1.418152916015239517e+00 1.427640173075731767e+00 1.354550598197953093e+00 0.000000000000000000e+00 1.280193358532827563e+00 1.434770694719618378e+00 1.289192906255367976e+00 1.257426634528142406e+00
1.356417329367742397e+00 1.392716864775819019e+00 1.442334734186880407e+00 1.460938503068101690e+00 1.404560832050079533e+00 1.280193358532827563e+00 0.000000000000000000e+00 1.630746655513640730e+00 1.314333271811216175e+00 1.519278058204489357e+00
1.465584450844855890e+00 1.273472452914788278e+00 1.414213562373095145e+00 1.414213562373095145e+00 1.312409235429264909e+00 1.434770694719618378e+00 1.630746655513640730e+00 0.000000000000000000e+00 1.250883487108636061e+00 1.248859284181984330e+00
1.381622324146686065e+00 1.302227596398023213e+00 1.380833969771346093e+00 1.493532446977678285e+00 1.418008595559530516e+00 1.289192906255367976e+00 1.314333271811216175e+00 1.250883487108636061e+00 0.000000000000000000e+00 1.279491054614599665e+00
1.402449132597114900e+00 1.378355940450515016e+00 1.304499688933825396e+00 1.354169243056547955e+00 1.345841708667453007e+00 1.257426634528142406e+00 1.519278058204489357e+00 1.248859284181984330e+00 1.279491054614599665e+00 0.000000000000000000e+00
